17-Jul-2014 14:57:51
D:\Secondlife-32\Matlab\BeadSynthesizerV3.0\Scripts\PressureLog_20140717-02.txt
% Making Code # 1 = [0.00  0.00  0.00  1.00]
5.99163      5.48813      8.99889     0.622507      14.6015     0.608775     0.608775            0
5.99163      5.48813      8.99889     0.613353      14.6015     0.608775     0.608775            0
5.99163      5.49271      8.98058     0.622507      14.6152     0.608775      0.61793            0
5.98248      5.49271      8.99889     0.613353      14.6152      0.61793     0.608775            0
5.99163      5.48813      8.99889     0.613353      14.6152      0.61793     0.608775            0
5.99163      5.49271      8.99889     0.613353      14.6152      0.61793      0.61793            0
5.99163      5.49271      8.99889     0.613353      14.6152     0.608775      0.61793            0
5.99163      5.49271      9.02177     0.613353      14.6152      0.61793      0.61793            0
5.99163      5.49271      8.99889     0.613353      14.6015     0.608775     0.608775            0
5.99163      5.50186      8.99889     0.604198      14.6152      0.61793     0.608775            0
5.99163      5.49271      8.98058     0.604198      14.6015     0.608775      0.61793            0
5.99163      5.48813      9.00804     0.613353      14.6152     0.608775      0.61793            0
5.99163      5.49271      8.99431     0.613353      14.6015     0.608775      0.61793            0
5.99163      5.49729      8.99889     0.613353      14.6015     0.608775     0.608775            0
5.99163      5.49729      8.99889     0.613353      14.6015      0.61793     0.608775            0
5.99163      5.49271      8.98516     0.613353      14.6152     0.608775      0.61793            0
5.99163      5.48813      8.99889     0.613353      14.6015     0.608775     0.608775            0
6.00536      5.48813      8.99889     0.595043      14.6015      0.61793      0.61793            0
5.99163      5.49271      8.99889     0.613353      14.6152      0.61793     0.608775            0
6.00536      5.48813       9.0172     0.613353      14.6152      0.61793      0.61793            0
5.99163      5.49271      8.99889     0.613353      14.6152     0.608775      0.61793            0
5.99163      5.50186      8.99889     0.613353      14.6015      0.61793     0.608775            0
5.99163      5.50186      9.00804     0.613353      14.6015      0.61793     0.608775            0
5.99163      5.50186      8.99889     0.613353      14.6015     0.608775     0.608775            0
5.99163      5.50186      8.99889     0.613353      14.6152      0.61793      0.61793            0
5.99163      5.48813      8.99889     0.613353      14.6152     0.608775     0.608775            0
5.99163      5.49271      8.98516     0.613353      14.6015     0.608775      0.61793            0
6.00536      5.50186      8.99889     0.613353      14.6152      0.61793     0.608775            0
5.99163      5.48813      8.99889     0.613353      14.6015      0.61793     0.608775            0
5.99163      5.49729      8.99889     0.613353      14.6015      0.61793     0.608775            0
5.99163      5.49729      8.99889     0.613353      14.6015     0.608775     0.608775            0
5.99163      5.49729      8.99889     0.613353      14.6152      0.61793     0.608775            0
5.99163      5.49271      8.98058     0.604198      14.6015      0.61793     0.608775            0
5.99163      5.49271      8.99889     0.613353      14.6015     0.608775      0.61793            0
6.00536      5.50186      8.99889     0.613353      14.6152     0.608775      0.61793            0
5.99163      5.49271      8.99889     0.613353      14.6015     0.608775     0.608775            0
6.00536      5.49729        8.976     0.613353      14.6015      0.61793     0.608775            0
5.99163      5.50186      8.98516     0.613353      14.6152      0.61793     0.608775            0
5.99163      5.50186      8.99889     0.613353      14.6152      0.61793     0.608775            0
5.99163      5.49271      8.99889     0.613353      14.6152      0.61793     0.608775            0
5.99163      5.50186      9.00804     0.613353      14.6015      0.61793      0.61793            0
5.99163      5.50186      8.99889     0.613353      14.6015     0.608775     0.608775            0
6.00536      5.49271      8.99889     0.613353      14.6152      0.61793      0.61793            0
5.99163      5.49271      8.99889     0.613353      14.6015     0.608775     0.608775            0
5.99163      5.49271      8.99889     0.613353      14.6152      0.61793      0.61793            0
5.99163      5.49271      9.02635     0.604198      14.6015     0.608775     0.608775            0
5.99163      5.50186      9.03093     0.613353      14.6152      0.61793     0.608775            0
5.99163      5.48813      8.99889     0.627084      14.6152      0.61793      0.61793            0
5.99163      5.48813      8.99889     0.613353      14.6152      0.61793      0.61793            0
5.99163      5.50186      8.99889     0.613353      14.6152      0.61793     0.608775            0
5.99163      5.49271      8.99889     0.613353      14.6015      0.61793     0.608775            0
5.99163      5.49729      8.97142     0.622507      14.6015      0.61793     0.608775            0
5.99163      5.49729      9.00804     0.613353      14.6152      0.61793      0.61793            0
5.99163      5.49271      9.00804     0.613353      14.6152      0.61793      0.61793            0
6.00536      5.49271      8.99889     0.613353      14.6015     0.608775      0.61793            0
5.99163      5.50186      9.00804     0.613353      14.6152      0.61793      0.61793            0
5.99163      5.49271      9.00804     0.613353      14.6152     0.608775      0.61793            0
5.99163      5.49271        8.976     0.613353      14.6015      0.61793     0.608775            0
6.00536      5.49271      8.97142     0.613353      14.6015     0.608775     0.608775            0
5.99163      5.50186      8.99889     0.613353      14.6015      0.61793     0.608775            0
6.00536      5.49271      8.99889     0.613353      14.6152      0.61793     0.608775            0
5.99163      5.49729      8.99889     0.613353      14.6152     0.608775     0.608775            0
6.00536      5.50186      9.00804     0.604198      14.6015     0.608775     0.608775            0
5.99163      5.48813      8.96227     0.613353      14.6152     0.608775     0.608775            0
6.00536      5.49271      9.02177     0.613353      14.6152      0.61793     0.608775            0
5.99163      5.50186       9.0172     0.613353      14.6152      0.61793     0.608775            0
5.99163      5.49271      8.99889     0.613353      14.6015     0.608775      0.61793            0
6.00536      5.49271      9.02177     0.613353      14.6152      0.61793      0.61793            0
6.00536      5.50186      9.00804     0.613353      14.6015     0.608775     0.608775            0
5.99163      5.50186      8.99431     0.613353      14.6015      0.61793     0.608775            0
6.00536      5.49271      8.99889     0.604198      14.6152      0.61793     0.608775            0
5.99163      5.49729      8.98516     0.613353      14.6152     0.608775     0.608775            0
6.00536      5.49729      8.99889     0.613353      14.6152      0.61793      0.61793            0
6.00536      5.50186      8.99889     0.613353      14.6015      0.61793     0.608775            0
6.00536      5.49271      8.99889     0.613353      14.6152      0.61793     0.608775            0
5.99163      5.49271      8.99889     0.613353      14.6015      0.61793      0.61793            0
6.00536      5.49271      8.99889     0.613353      14.6152      0.61793     0.608775            0
5.99163      5.50186      9.00804     0.613353      14.6152      0.61793     0.608775            0
5.99163      5.49729      8.98058     0.613353      14.6015      0.61793     0.608775            0
5.99163      5.50186      8.98516     0.613353      14.6152      0.61793      0.61793            0
5.99163      5.50186       9.0172     0.613353      14.6015     0.608775      0.61793            0
5.99163      5.50186      8.99889     0.604198      14.6015      0.61793      0.61793            0
5.99163      5.50186      8.98058     0.613353      14.6015      0.61793      0.61793            0
6.00536      5.50186      8.99889     0.613353      14.6152     0.608775      0.61793            0
5.99163      5.50186      8.99889     0.613353      14.6152      0.61793     0.608775            0
5.99163      5.50186       9.0172     0.613353      14.6015     0.608775      0.61793            0
5.99163      5.49729      8.99889     0.613353      14.6152      0.61793     0.608775            0
5.99163      5.50186      8.99889     0.613353      14.6152      0.61793     0.608775            0
5.99163      5.49729      9.03093     0.613353      14.6152      0.61793     0.608775            0
5.99163      5.49271      8.99889     0.613353      14.6015      0.61793      0.61793            0
5.99163      5.50186       9.0172     0.613353      14.6015     0.608775     0.608775            0
5.99163      5.49271      8.98516     0.613353      14.6243      0.61793     0.608775            0
5.99163      5.50186      8.99889     0.622507      14.6015     0.608775      0.61793            0
5.99163      5.49271      8.99889     0.613353      14.6152     0.608775      0.61793            0
5.99163      5.50186      8.99889     0.613353      14.6015     0.608775      0.61793            0
6.00536      5.49271      9.02635     0.613353      14.6015      0.61793      0.61793            0
% Making Code # 2 = [0.00  0.25  0.00  0.75]
6.00078      5.50186      8.99889      0.61793      11.1136     0.608775       4.1058            0
6.00078      5.49271      9.00347     0.613353      11.1136      0.61793       4.1058            0
5.98705      5.50186      8.99431      0.61793      11.1136     0.608775       4.1058            0
6.00078      5.49271      9.00347     0.613353      11.1044     0.608775       4.1058            0
6.00078      5.49271      9.03093     0.613353      11.1136     0.608775       4.1058            0
5.98705      5.49271      8.99431     0.604198      11.1136     0.608775       4.1058            0
5.98705      5.49271      8.99431     0.613353      11.1136     0.608775       4.1058            0
6.00078      5.50186      8.99431     0.613353      11.1136      0.61793      4.09665            0
5.98705      5.49271      9.00347     0.604198      11.1136     0.608775       4.1058            0
5.98705      5.49271      9.00347      0.61793      11.1136     0.608775       4.1058            0
5.98705      5.49271      9.00347     0.604198      11.1136     0.608775       4.1058            0
6.00078      5.49271      9.00347     0.613353      11.1136      0.61793       4.1058            0
6.00078      5.49271      8.99431      0.61793      11.1136     0.608775       4.1058            0
6.00078      5.50186      8.99431      0.61793      11.1136      0.61793       4.1058            0
5.98705      5.50186      9.00347     0.613353      11.1136      0.61793       4.1058            0
6.00078      5.50186      9.00347     0.613353      11.1136      0.61793       4.1058            0
5.98705      5.50186      9.00347     0.613353      11.1136      0.61793       4.1058            0
6.00078      5.49271      8.99431     0.613353      11.1136      0.61793       4.1058            0
6.00078      5.49271      8.98058      0.61793      11.1136     0.608775       4.1058            0
6.00078      5.49271      8.99431     0.604198      11.1136      0.61793       4.1058            0
6.00078      5.50186      8.98058     0.604198      11.1136      0.61793       4.1058            0
5.98705      5.49271      9.00347      0.61793      11.1136      0.61793       4.1058            0
6.00078      5.50186      9.00347      0.61793      11.1136     0.608775       4.1058            0
6.00078      5.49271      9.00347      0.61793      11.1136     0.608775       4.1058            0
6.00078      5.49271      8.99431     0.604198      11.1136     0.608775       4.1058            0
6.00078      5.49271      8.97142     0.604198      11.1136      0.61793      4.09665            0
5.98705      5.49271      8.99431      0.61793      11.1136     0.608775       4.1058            0
6.00078      5.50644      9.00347     0.613353      11.1136      0.61793       4.1058            0
6.00078      5.50644      9.00347     0.613353      11.1136      0.61793       4.1058            0
6.00078      5.50644      9.00347     0.613353      11.1136     0.608775       4.1058            0
6.00078      5.49271      8.99431     0.604198      11.1136      0.61793       4.1058            0
5.98705      5.49271      9.00347     0.613353      11.1136      0.61793       4.1058            0
6.00078      5.50644       9.0172      0.61793      11.1136     0.608775       4.1058            0
6.00078      5.49271      9.00347     0.613353      11.1136     0.608775       4.1058            0
6.00078      5.49271      9.04924     0.613353      11.1044      0.61793       4.1058            0
6.00078      5.50644      9.00347     0.604198      11.1136      0.61793       4.1058            0
6.00078      5.50644      8.98973     0.604198      11.1136      0.61793       4.1058            0
6.00078      5.50644      8.99431     0.604198      11.1136     0.608775       4.1058            0
5.98705      5.49271      8.99431     0.613353      11.1136     0.608775       4.1058            0
6.00078      5.49271      8.98058     0.604198      11.1136      0.61793       4.1058            0
5.98705      5.49271      9.00347     0.604198      11.1136      0.61793       4.1058            0
6.00078      5.50644      8.98516     0.604198      11.1136     0.608775       4.1058            0
6.00078      5.49271      9.02635     0.604198      11.1136     0.608775       4.1058            0
6.00078      5.50644      9.01262      0.61793      11.1273     0.608775       4.1058            0
6.00078      5.49271      9.00347     0.604198      11.1273     0.608775       4.1058            0
6.00078      5.50644      9.00347     0.613353      11.1136      0.61793       4.1058            0
6.00078      5.49271      8.99431     0.604198      11.1044      0.61793       4.1058            0
5.98705      5.49271      8.99431     0.604198      11.1136     0.608775       4.1058            0
6.00078      5.49271      9.00804     0.604198      11.1136     0.608775       4.1058            0
5.98705      5.49271      9.00347     0.604198      11.1182      0.61793       4.1058            0
5.99163      5.49271      8.99431      0.61793      11.1044     0.608775       4.1058            0
6.00078      5.49271      8.98058      0.61793      11.1044      0.61793       4.1058            0
5.99163      5.49271      8.99431     0.604198      11.1044      0.61793       4.1058            0
6.00078      5.49271      9.00347      0.61793      11.1182      0.61793       4.1058            0
5.99163      5.49271      8.97142      0.61793      11.1273      0.61793      4.09665            0
5.99163      5.49271      9.00347      0.61793      11.1044      0.61793       4.1058            0
6.00078      5.49271      9.00347     0.613353      11.1044      0.61793       4.1058            0
5.99163      5.49271      8.98516      0.61793      11.1182     0.608775       4.1058            0
5.99163      5.50644      9.00347     0.613353      11.1182      0.61793       4.1058            0
5.99163      5.49271      9.00347     0.604198      11.1182      0.61793       4.1058            0
5.99163      5.49271      8.98516     0.604198      11.1182      0.61793       4.1058            0
5.99163      5.49271      8.99431     0.604198      11.1044      0.61793       4.1058            0
5.99163      5.49271      9.00347     0.604198      11.1182     0.608775       4.1058            0
6.00078      5.49271      9.04924     0.613353      11.1182     0.608775       4.1058            0
5.99163      5.49271      8.99431     0.613353      11.1182      0.61793       4.1058            0
6.00078      5.49271      8.99431      0.61793      11.1044     0.608775       4.1058            0
5.99163      5.49271      9.00347      0.61793      11.1044      0.61793       4.1058            0
6.00078      5.49271      9.00347      0.61793      11.1182     0.608775       4.1058            0
6.00078      5.49271      9.00347     0.604198      11.1182      0.61793       4.1058            0
6.00078      5.49271      9.00347     0.604198      11.1182     0.608775       4.1058            0
6.00078      5.49271      8.98058      0.61793      11.1182     0.608775       4.1058            0
5.99163      5.49271      9.00347     0.613353      11.1044      0.61793       4.1058            0
5.99163      5.49271      9.00347     0.613353      11.1044     0.608775       4.1058            0
5.99163      5.50644      8.99431      0.61793      11.1044     0.608775       4.1058            0
6.00078      5.49271      8.99431     0.613353      11.1182      0.61793       4.1058            0
6.00078      5.49271      8.99431      0.61793      11.1182     0.608775       4.1058            0
5.99163      5.49271      8.97142      0.61793      11.1044      0.61793       4.1058            0
5.99163      5.49271      9.00347     0.604198      11.1182     0.608775       4.1058            0
5.99163      5.49271      8.99431     0.613353      11.1182     0.608775       4.1058            0
5.99163      5.49271      8.98516      0.61793      11.1182      0.61793       4.1058            0
5.99163      5.49271      9.03551      0.61793      11.1044      0.61793       4.1058            0
5.99163      5.50644      8.99431      0.61793      11.1182      0.61793      4.09665            0
6.00078      5.50644      8.99431     0.613353      11.1182      0.61793       4.1058            0
6.00078      5.49271      8.99431      0.61793      11.1182     0.608775       4.1058            0
6.00078      5.49271      8.99431     0.613353      11.1182      0.61793       4.1058            0
5.99163      5.49271       9.0172      0.61793      11.1182     0.608775       4.1058            0
6.00078      5.49271      9.00347      0.61793      11.1182      0.61793      4.09665            0
5.99163      5.49271      8.99431     0.604198      11.1182     0.608775       4.1058            0
5.99163      5.49271      8.99431     0.604198      11.1182     0.608775      4.09665            0
6.00078      5.49271      8.99431     0.604198      11.1182     0.608775       4.1058            0
6.00078      5.50644      9.00347      0.61793      11.1182      0.61793       4.1058            0
5.99163      5.49271      9.00347     0.613353      11.1182     0.608775       4.1058            0
5.99163      5.49271      9.00347      0.61793      11.1182     0.608775       4.1058            0
6.00078      5.49271       9.0172      0.61793      11.1182     0.608775       4.1058            0
5.99163      5.50644      9.00347      0.61793      11.1182      0.61793       4.1058            0
6.00078      5.50644      9.00347      0.61793      11.1044      0.61793       4.1058            0
% Making Code # 3 = [0.00  0.50  0.00  0.50]
5.9962      5.5019      9.0035     0.61793      7.6074     0.61793      7.6028           0
5.9962      5.5019      9.0035     0.61793      7.6074     0.60878      7.6028           0
5.9962      5.4927      9.0035     0.61793      7.6074     0.61793      7.5891           0
5.9962      5.5019      8.9989      0.6042      7.6074     0.61793      7.6028           0
5.9962      5.5019      9.0035     0.61793      7.6211     0.61793      7.6028           0
5.9962      5.5019      8.9485     0.61793      7.6074     0.61793      7.5891           0
5.9962      5.5019      8.9897     0.61793      7.6211     0.61793      7.5891           0
5.9962      5.4927      9.0035     0.61793      7.6074     0.60878      7.6028           0
5.9962      5.4927      8.9897     0.61793      7.6211     0.61793      7.6028           0
5.9962      5.5019       9.008      0.6042      7.6074     0.61793      7.5891           0
5.9962      5.4927      8.9897     0.61793      7.6074     0.61793      7.6028           0
5.9962      5.4927      8.9897      0.6042      7.6074     0.61793      7.5891           0
5.9962      5.4927       8.976      0.6042      7.6074     0.61793      7.5891           0
5.9962      5.4927      8.9897      0.6042      7.6074     0.61793      7.5891           0
6.0054      5.5019       9.008      0.6042      7.6211     0.60878      7.6028           0
5.9916      5.4927      8.9897     0.61793      7.6074     0.61793      7.6028           0
6.0054      5.5019      9.0218     0.61793      7.6074     0.61793      7.6028           0
5.9916      5.5019      8.9989     0.61793      7.6211     0.61793      7.6028           0
5.9916      5.4927      8.9852     0.61793      7.6211     0.61793      7.6028           0
5.9916      5.4927      8.9989     0.61793      7.6074     0.61793      7.6028           0
6.0054      5.5019      8.9989      0.6042      7.6074     0.60878      7.5891           0
5.9916      5.4927      8.9897      0.6042      7.6211     0.61793      7.6028           0
5.9916      5.4927      9.0309     0.61793      7.6211     0.60878      7.6028           0
5.9916      5.4927       8.976     0.61793      7.6074     0.61793      7.6028           0
5.9916      5.4927       9.008     0.61793      7.6074     0.61793      7.6028           0
6.0054      5.4927      8.9714     0.61793      7.6211     0.61793      7.5891           0
5.9916      5.4927      8.9989     0.61793      7.6074     0.61793      7.5891           0
5.9916      5.4927      8.9714     0.61793      7.6074     0.61793      7.5891           0
5.9916      5.4927       9.008     0.61793      7.6074     0.61793      7.5891           0
6.0054      5.4927      8.9806      0.6042      7.6074     0.61793      7.6028           0
5.9916      5.4927      8.9989     0.61793      7.6074     0.60878      7.6028           0
6.0054      5.5019      8.9989     0.61793      7.6074     0.60878      7.5891           0
6.0054      5.5019      8.9897     0.61793      7.6211     0.60878      7.6028           0
5.9916      5.4927      9.0309     0.61793      7.6211     0.60878      7.6028           0
5.9916      5.5019      8.9989     0.61793      7.6211     0.60878      7.5891           0
5.9916      5.4927      9.0218     0.61793      7.6074     0.60878      7.6028           0
5.9916      5.5019      8.9714     0.61793      7.6211     0.61793      7.6028           0
5.9916      5.5019      8.9989     0.61793      7.6211     0.60878      7.6028           0
6.0054      5.5019      8.9989     0.61793      7.6074     0.61793      7.5891           0
6.0054      5.4927      8.9485      0.6042      7.6211     0.60878      7.6028           0
5.9916      5.4927      8.9989     0.61793      7.6211     0.61793      7.5891           0
5.9916      5.4927      8.9989     0.61793      7.6074     0.60878      7.6074           0
6.0054      5.4927      8.9989      0.6042      7.6074     0.61793      7.5982           0
6.0054      5.5019       9.008     0.61793      7.6211     0.61793      7.6028           0
6.0054      5.4927      8.9577      0.6042      7.6211     0.60878      7.5891           0
6.0054      5.4927      8.9989     0.61793      7.6074     0.61793      7.5891           0
5.9916      5.4927       9.008      0.6042      7.6074     0.61793      7.6028           0
6.0054      5.4927      8.9989      0.6042      7.6211     0.60878      7.6028           0
6.0054      5.5019      8.9989     0.61793      7.6211     0.60878      7.5891           0
6.0054      5.4927      8.9989      0.6042      7.6074     0.61793      7.5891           0
6.0054      5.5019       8.976     0.61793      7.6074     0.60878      7.6028           0
5.9916      5.4927      8.9989     0.61793      7.6074     0.60878      7.5891           0
6.0054      5.4927      8.9989     0.61793      7.6074     0.61793      7.5891           0
5.9916      5.4927      8.9852      0.6042      7.6074     0.60878      7.6028           0
5.9916      5.5019      8.9989     0.61793      7.6074     0.60878      7.5891           0
6.0054      5.5019      8.9989     0.61793      7.6074     0.60878      7.5982           0
5.9916      5.4927      8.9989     0.61793      7.6074     0.60878      7.5891           0
5.9916      5.5019      8.9989     0.61793      7.6074     0.61793      7.6028           0
5.9916      5.5019       8.976      0.6042      7.6074     0.60878      7.5891           0
6.0054      5.4927      8.9989      0.6042      7.6074     0.60878      7.5891           0
6.0054      5.5019      8.9852     0.61793      7.6074     0.61793      7.5982           0
5.9916      5.5019      8.9989     0.61793      7.6074     0.60878      7.5891           0
6.0054      5.4927      8.9897      0.6042      7.6074     0.61793      7.6028           0
5.9916      5.4927      9.0401     0.61793      7.6211     0.60878      7.6028           0
6.0054      5.5019      8.9989     0.61793      7.6211     0.61793      7.5982           0
5.9916      5.5019      8.9714     0.61793      7.6074     0.60878      7.5982           0
5.9916      5.4927       8.976      0.6042      7.6211     0.61793      7.5982           0
6.0054      5.4927      8.9714     0.61793      7.6211     0.60878      7.5982           0
5.9916      5.4927      8.9897     0.61793      7.6211     0.60878      7.5891           0
5.9916      5.5019      9.0218      0.6042      7.6074     0.61793      7.5982           0
5.9916      5.5019      9.0126     0.61793      7.6211     0.60878      7.6074           0
6.0054      5.4927      8.9989      0.6042      7.6211     0.60878      7.5891           0
5.9916      5.4927      8.9852     0.61793      7.6211     0.60878      7.5982           0
5.9916      5.4927      8.9852      0.6042      7.6074     0.60878      7.5982           0
6.0054      5.5019      8.9714      0.6042      7.6211     0.61793      7.5982           0
6.0054      5.4927      8.9623      0.6042      7.6074     0.60878      7.6074           0
6.0054      5.4927      8.9989     0.61793      7.6074     0.61793      7.5982           0
6.0054      5.5019      8.9989     0.61793      7.6211     0.60878      7.5982           0
6.0054      5.5019      9.0126     0.61793      7.6074     0.61793      7.5891           0
6.0054      5.4927      8.9989     0.61793      7.6074     0.61793      7.5982           0
5.9916      5.5019      8.9852     0.61793      7.6074     0.60878      7.5891           0
6.0054      5.4927      8.9989      0.6042      7.6074     0.61793      7.5891           0
5.9916      5.5019      9.0218     0.61793      7.6074     0.60878      7.5891           0
6.0054      5.5019       9.008     0.61793      7.6074     0.60878      7.5982           0
5.9916      5.4927      8.9989      0.6042      7.6211     0.60878      7.5982           0
5.9916      5.5019      8.9852      0.6042      7.6074     0.61793      7.5982           0
6.0054      5.4927      8.9989      0.6042      7.6074     0.60878      7.5891           0
5.9916      5.4927      8.9989      0.6042      7.6074     0.61793      7.5982           0
5.9916      5.4927      8.9989     0.61793      7.6074     0.60878      7.5982           0
5.9916      5.5019      8.9989     0.61793      7.6211     0.60878      7.5982           0
5.9916      5.5019      8.9989      0.6042      7.6211     0.60878      7.5982           0
5.9916      5.4927      8.9806      0.6042      7.6211     0.60878      7.6074           0
5.9916      5.5019      8.9989      0.6042      7.6211     0.61793      7.5982           0
5.9916      5.4927      8.9989     0.61793      7.6074     0.60878      7.5982           0
6.0054      5.4927      8.9989      0.6042      7.6211     0.61793      7.5982           0
5.9916      5.4927      8.9989      0.6042      7.6074     0.60878      7.5982           0
% Making Code # 4 = [0.00  1.00  0.00  0.00]
6.00078      5.48813      9.00804      0.61793     0.613353     0.608775      14.5923            0
6.00078      5.50186      8.99431      0.61793     0.599621      0.61793      14.5923            0
6.00078      5.50186      9.03093     0.613353     0.613353     0.608775      14.5923            0
6.00078      5.50186      9.00804     0.613353     0.613353     0.608775      14.5923            0
6.00078      5.50186      8.98516     0.604198     0.613353      0.61793      14.5923            0
5.98705      5.50186      9.04008      0.61793     0.613353     0.608775      14.5831            0
6.00078      5.50186      9.00804     0.604198     0.613353     0.608775      14.5923            0
6.00078      5.50186      8.99431     0.613353     0.613353      0.61793      14.5923            0
6.00078      5.48813      8.98973     0.613353     0.613353     0.608775      14.5923            0
6.00078      5.50186       9.0172      0.61793     0.613353     0.608775      14.5831            0
5.98705      5.48813      8.99431      0.61793     0.613353     0.608775      14.5923            0
5.98705      5.50186      8.99431     0.613353     0.613353     0.608775      14.5923            0
5.98705      5.50186      8.99431     0.613353     0.613353      0.61793      14.5831            0
5.98705      5.48813      8.99431     0.613353     0.613353      0.61793      14.5923            0
6.00078      5.50186      8.99431     0.613353     0.613353     0.608775      14.5923            0
6.00078      5.50186       9.0172      0.61793     0.613353     0.608775      14.5831            0
5.98705      5.48813      8.99431     0.604198     0.613353      0.61793      14.5831            0
5.99163      5.48813      9.00804     0.613353     0.613353     0.608775      14.5831            0
6.00078      5.48813      8.99431      0.61793     0.613353      0.61793      14.5923            0
5.99163      5.48813      8.98058     0.613353     0.613353      0.61793      14.5923            0
6.00078      5.50186      9.00804      0.61793     0.613353     0.608775      14.5923            0
6.00078      5.48813      8.98516     0.613353     0.613353      0.61793      14.5923            0
5.98705      5.50186      8.98516     0.613353     0.613353      0.61793      14.5831            0
5.99163      5.50186      8.98516     0.604198     0.613353      0.61793      14.5923            0
6.00078      5.50186      8.99431     0.613353     0.613353      0.61793      14.5923            0
5.99163      5.50186      8.99431     0.613353     0.613353     0.608775      14.5923            0
6.00078      5.50186      8.99431     0.613353     0.613353      0.61793      14.5923            0
5.99163      5.48813      8.98516     0.613353     0.613353     0.608775      14.5923            0
6.00078      5.50186      9.00804      0.61793     0.613353     0.608775      14.5923            0
5.99163      5.50186      8.97142     0.613353     0.613353     0.608775      14.5831            0
5.99163      5.48813      9.00804     0.613353     0.613353     0.608775      14.5923            0
6.00078      5.50186      8.97142     0.613353     0.613353      0.61793      14.5923            0
6.00078      5.50186      9.00804     0.604198     0.613353      0.61793      14.5923            0
5.99163      5.50186      9.03551     0.613353     0.613353      0.61793      14.5831            0
5.99163      5.48813       9.0172      0.61793     0.613353     0.608775      14.5831            0
5.99163      5.48813      8.99431     0.613353     0.613353     0.608775      14.5923            0
5.99163      5.50186      9.00804      0.61793     0.613353     0.608775      14.5831            0
6.00078      5.48813      8.99431     0.613353     0.613353      0.61793      14.5831            0
6.00078      5.50186      8.99431     0.613353     0.613353      0.61793      14.5923            0
6.00078      5.48813      8.98516      0.61793     0.613353      0.61793      14.5923            0
5.99163      5.50186      8.99431      0.61793     0.613353      0.61793      14.5923            0
5.99163      5.50186      8.96685     0.613353     0.613353      0.61793      14.5923            0
5.99163      5.50186      8.99431     0.613353     0.613353     0.608775      14.5923            0
6.00078      5.48813      8.98973     0.613353     0.613353      0.61793      14.5831            0
5.99163      5.50186      9.00347     0.613353     0.613353     0.608775      14.5831            0
5.99163      5.50186      9.00347     0.613353     0.613353     0.608775      14.5831            0
6.00078      5.50186      9.01262     0.613353     0.613353      0.61793      14.5923            0
5.99163      5.50186        8.976     0.613353     0.613353      0.61793      14.5923            0
5.99163      5.50186      9.02635     0.613353     0.613353      0.61793      14.5831            0
5.99163      5.48813      8.98973     0.613353     0.613353     0.608775      14.5923            0
5.99163      5.48813      9.00347     0.613353     0.613353      0.61793      14.5923            0
5.99163      5.50186      9.00347     0.613353     0.613353     0.608775      14.5831            0
6.00078      5.50186      9.00347     0.613353     0.613353     0.608775      14.5923            0
6.00078      5.50186      8.98973     0.613353     0.613353     0.608775      14.5831            0
5.99163      5.50186        8.976     0.613353     0.613353      0.61793      14.5923            0
6.00078      5.48813      9.02635     0.613353     0.613353      0.61793      14.5923            0
6.00078      5.50186      8.96685     0.613353     0.613353     0.608775      14.5923            0
6.00078      5.50186      8.98973     0.613353     0.613353     0.608775      14.5831            0
6.00078      5.50186      9.00347     0.613353     0.613353      0.61793      14.5923            0
6.00078      5.50186      9.00347     0.613353     0.613353      0.61793      14.5831            0
5.99163      5.50186      9.02635     0.613353     0.613353      0.61793      14.5831            0
6.00078      5.50186      9.00347     0.613353     0.613353      0.61793      14.5923            0
6.00078      5.50186        8.976     0.613353     0.613353     0.608775      14.5923            0
5.99163      5.50186      9.00347     0.613353     0.613353      0.61793      14.5831            0
6.00078      5.48813      8.98516     0.613353     0.613353      0.61793      14.5923            0
5.99163      5.48813      8.98516     0.613353     0.613353     0.608775      14.5923            0
5.99163      5.50186      9.01262     0.613353     0.613353     0.608775      14.5831            0
6.00078      5.50186      9.00347      0.61793     0.613353      0.61793      14.5831            0
6.00078      5.48813      9.04008     0.613353     0.613353     0.608775      14.5831            0
5.99163      5.50186      8.99431      0.61793     0.613353     0.608775      14.5831            0
5.99163      5.50186      8.98973     0.613353     0.613353     0.608775      14.5923            0
5.99163      5.50186      9.03551     0.608775     0.613353      0.61793      14.5831            0
6.00078      5.48813      9.00347     0.613353     0.613353      0.61793      14.5831            0
6.00078      5.50186      9.00347     0.613353     0.613353      0.61793      14.5831            0
5.99163      5.48813      8.98516     0.613353     0.613353     0.608775      14.5923            0
5.99163      5.48813        8.976     0.613353     0.613353     0.608775      14.5831            0
5.99163      5.50186        8.976     0.613353     0.613353      0.61793      14.5923            0
5.99163      5.50186        8.976     0.613353     0.613353     0.608775      14.5831            0
6.00078      5.48813      8.98973     0.613353     0.613353     0.608775      14.5831            0
6.00078      5.50186      9.00347     0.613353     0.613353      0.61793      14.5831            0
6.00078      5.48813      8.98973     0.613353     0.613353     0.608775      14.5923            0
6.00078      5.50186      9.00347      0.61793     0.613353      0.61793      14.5923            0
5.99163      5.50186      8.98516     0.604198     0.613353      0.61793      14.5831            0
5.99163      5.50186      9.00347     0.604198     0.613353      0.61793      14.5831            0
5.99163      5.50186      9.00347     0.613353     0.613353     0.608775      14.5831            0
6.00078      5.50186      8.99431     0.613353     0.613353      0.61793      14.5923            0
5.99163      5.50186      8.98973     0.613353     0.613353     0.608775      14.5831            0
5.99163      5.50186      8.98973     0.613353     0.613353     0.608775      14.5923            0
6.00078      5.48813      9.00347     0.613353     0.613353     0.608775      14.5831            0
6.00078      5.50186      8.98973     0.604198     0.613353     0.608775      14.5831            0
6.00078      5.48813      9.00347     0.613353     0.613353     0.608775      14.5923            0
5.99163      5.50186      9.00347     0.613353     0.613353      0.61793      14.5831            0
6.00078      5.50186      9.00347     0.613353     0.613353      0.61793      14.5831            0
6.00078      5.50186      9.00347     0.613353     0.613353      0.61793      14.5831            0
5.99163      5.48813      9.00347      0.61793     0.613353     0.608775      14.5923            0
5.99163      5.50186      8.98973      0.61793     0.613353     0.608775      14.5923            0
