14-Jul-2014 19:52:15
D:\Secondlife-32\Matlab\BeadSynthesizerV3.0\Scripts\PressureLog_20140714-03.txt
% Making Code # 1 = [0.00  0.00  0.00  1.00]
5.98705      5.49729        8.976     0.608775      14.6152     0.613353     0.590466            0
5.98705      5.49271      8.99431     0.608775      14.6152     0.613353     0.608775            0
5.98705      5.49271      9.00347      0.61793      14.6152     0.613353     0.608775            0
5.98705      5.49271      8.99431     0.608775      14.6015     0.613353     0.608775            0
5.98705      5.49729      9.00347      0.61793      14.6015     0.613353      0.61793            0
5.98705      5.49271      8.99431     0.608775      14.6015     0.613353     0.608775            0
5.9779      5.49271      9.00347     0.608775      14.6152     0.604198      0.61793            0
5.98705      5.50186        8.976      0.61793      14.6015     0.613353     0.608775            0
5.98705      5.49271      8.98058     0.608775      14.6015     0.604198     0.608775            0
6.00078      5.49271      8.99431      0.61793      14.6152     0.613353     0.608775            0
5.9779      5.50186      8.96685     0.608775      14.6015     0.613353      0.61793            0
5.98705      5.50186      9.00347      0.61793      14.6152     0.604198     0.608775            0
5.98705      5.49271      9.00347     0.608775      14.6152     0.604198     0.608775            0
5.98705      5.49271      9.00347     0.608775      14.6152     0.613353     0.608775            0
6.00078      5.50186        8.976      0.61793      14.6152     0.613353     0.608775            0
6.00078      5.49271      9.00347     0.608775      14.6015     0.604198     0.608775            0
6.00078      5.49271        8.976     0.608775      14.6015     0.613353     0.608775            0
5.98705      5.50186      9.00347      0.61793      14.6152     0.613353     0.608775            0
6.00078      5.50186      9.00347      0.61793      14.6152     0.613353      0.61793            0
5.98705      5.50186      9.00347      0.61793      14.6015     0.613353     0.608775            0
5.98705      5.50186      9.00347     0.608775      14.6015     0.613353      0.61793            0
6.00078      5.50186      9.00347     0.608775      14.6152     0.613353      0.61793            0
5.98705      5.49271      8.95769     0.608775      14.6152     0.613353      0.61793            0
6.00078      5.50186      9.00347     0.608775      14.6015     0.613353     0.608775            0
5.98705      5.50186      8.99431      0.61793      14.6152     0.613353      0.61793            0
6.00078      5.50186      8.99431      0.61793      14.6152     0.613353      0.61793            0
5.98705      5.49271      9.00347     0.608775      14.6152     0.613353      0.61793            0
5.98705      5.50186      8.99431     0.608775      14.6152     0.613353     0.608775            0
5.98705      5.50186      8.97142      0.61793      14.6015     0.613353     0.608775            0
5.98705      5.50186      9.00347     0.608775      14.6015     0.613353     0.608775            0
6.00078      5.50186      9.00347     0.608775      14.6152     0.613353      0.61793            0
6.00078      5.49271      8.97142      0.61793      14.6152     0.613353     0.608775            0
5.98705      5.50186      9.00347      0.61793      14.6152     0.613353     0.608775            0
5.98705      5.50186      8.98058     0.608775      14.6015     0.613353     0.608775            0
6.00078      5.49271      9.00347      0.61793      14.6015     0.613353     0.608775            0
5.98705      5.49271      9.00347     0.608775      14.6152     0.613353      0.61793            0
5.98705      5.49271      9.02635     0.608775      14.6152     0.613353     0.608775            0
5.98705      5.49271      9.00347      0.61793      14.6152     0.613353      0.61793            0
5.98705      5.49271      9.00347     0.608775      14.6152     0.613353     0.608775            0
6.00078      5.49271        8.976      0.61793      14.6152     0.613353      0.61793            0
5.98705      5.50186       9.0172     0.608775      14.6152     0.613353      0.61793            0
6.00078      5.50186      9.00347     0.608775      14.6152     0.613353      0.61793            0
5.98705      5.49271      8.99431     0.608775      14.6152     0.613353      0.61793            0
6.00078      5.50186       9.0172     0.608775      14.6015     0.613353     0.608775            0
5.98705      5.50186      9.00347      0.61793      14.6015     0.613353     0.608775            0
5.98705      5.50186      9.02635      0.61793      14.6152     0.613353      0.61793            0
6.00078      5.50186      9.00347      0.61793      14.6152     0.613353     0.608775            0
6.00078      5.50186      9.04924     0.608775      14.6152     0.613353     0.608775            0
6.00078      5.49271      9.00347     0.608775      14.6015     0.613353     0.608775            0
5.98705      5.50186      9.00347     0.608775      14.6152     0.613353     0.608775            0
5.98705      5.49271      8.99431      0.61793      14.6152     0.613353      0.61793            0
5.98705      5.50186      8.96685      0.61793      14.6152     0.613353     0.608775            0
5.98705      5.49271        8.976     0.608775      14.6152     0.613353     0.608775            0
5.98705      5.49271      9.00347      0.61793      14.6152     0.613353      0.61793            0
5.98705      5.49271      9.00347      0.61793      14.6152     0.613353      0.61793            0
5.98705      5.49271      8.98516     0.608775      14.6152     0.613353      0.61793            0
5.98705      5.50186      9.00347     0.608775      14.6152     0.613353     0.608775            0
6.00078      5.49271      8.99431     0.608775      14.6152     0.613353      0.61793            0
5.98705      5.50186      9.00347      0.61793      14.6015     0.613353     0.608775            0
5.98705      5.50186      9.00347     0.608775      14.6152     0.613353     0.608775            0
6.00078      5.49271      9.00347      0.61793      14.6152     0.613353     0.608775            0
6.00078      5.50186      8.99431      0.61793      14.6152     0.613353     0.608775            0
6.00078      5.49271      9.00347      0.61793      14.6152     0.613353      0.61793            0
5.98705      5.49271      8.99431     0.608775      14.6015     0.613353      0.61793            0
6.00078      5.50186      8.99431      0.61793      14.6152     0.613353      0.61793            0
5.98705      5.49271      9.00347      0.61793      14.6152     0.613353      0.61793            0
6.00078      5.50186      9.00347      0.61793      14.6015     0.613353      0.61793            0
5.98705      5.49271      9.00347      0.61793      14.6152     0.613353     0.608775            0
6.00078      5.50186      9.02635     0.608775      14.6152     0.613353     0.608775            0
5.98705      5.49271      9.00347     0.608775      14.6152     0.613353      0.61793            0
6.00078      5.50186        8.976      0.61793      14.6152     0.613353     0.608775            0
6.00078      5.49271      8.98058      0.61793      14.6015     0.613353     0.608775            0
6.00078      5.49271      8.99889     0.608775      14.6152     0.613353     0.608775            0
5.98705      5.50186      9.00347      0.61793      14.6152     0.613353      0.61793            0
6.00078      5.50186      9.03551      0.61793      14.6152     0.613353      0.61793            0
6.00078      5.49271      8.99431      0.61793      14.6152     0.613353     0.608775            0
5.98705      5.50186      9.00347      0.61793      14.6152     0.613353     0.608775            0
5.98705      5.50186      8.98058      0.61793      14.6152     0.613353      0.61793            0
5.98705      5.50186      9.00347     0.608775      14.6015     0.613353     0.608775            0
5.98705      5.50186      8.99431     0.608775      14.6152     0.613353      0.61793            0
6.00078      5.50186      8.99431      0.61793      14.6152     0.613353     0.608775            0
6.00078      5.50186      9.00347     0.608775      14.6015     0.613353     0.608775            0
5.98705      5.49271      8.99431     0.608775      14.6152     0.613353     0.608775            0
5.98705      5.49271      9.02635     0.608775      14.6015     0.613353      0.61793            0
6.00078      5.50186        8.976      0.61793      14.6015     0.613353     0.608775            0
5.98705      5.50186      9.00347     0.608775      14.6152     0.613353      0.61793            0
5.98705      5.50186      8.99431     0.608775      14.6152     0.613353      0.61793            0
5.9779      5.49271      9.02635     0.608775      14.6152     0.613353      0.61793            0
5.98705      5.49271      8.97142     0.608775      14.6152     0.613353     0.608775            0
5.98705      5.49271      8.99431     0.608775      14.6152     0.613353      0.61793            0
6.00078      5.49271      8.98973     0.608775      14.6015     0.613353     0.608775            0
6.00078      5.50186      8.99889     0.608775      14.6152     0.613353      0.61793            0
5.98705      5.49271      9.00347      0.61793      14.6015     0.613353      0.61793            0
5.98705      5.49271      8.97142     0.608775      14.6152     0.613353      0.61793            0
6.00078      5.49271      8.97142     0.608775      14.6152     0.613353     0.608775            0
6.00078      5.49271      8.99431      0.61793      14.6152     0.613353      0.61793            0
% Making Code # 2 = [0.00  0.00  0.28  0.72]
6.00078      5.49729      9.00347      5.18146      10.6696     0.613353     0.608775            0
6.00078      5.49271        8.976      5.18603      10.6696     0.613353      0.61793            0
6.00078      5.49271      8.99431      5.18603      10.6696     0.613353     0.608775            0
6.00078      5.50186       9.0172      5.18146      10.6696     0.613353      0.61793            0
6.00078      5.49271      8.99431      5.18146      10.6696     0.613353      0.61793            0
6.00078      5.50186      9.00347      5.18146      10.6696     0.613353     0.608775            0
5.98705      5.50186      9.00347      5.18603      10.6696     0.613353     0.608775            0
6.00078      5.49271      8.98516       5.1723      10.6696     0.613353      0.61793            0
6.00078      5.49271        8.976      5.18146      10.6696     0.613353     0.608775            0
5.98705      5.49271      9.00347      5.18603      10.6696     0.613353     0.608775            0
6.00078      5.50186      9.02635      5.18146      10.6696     0.613353     0.608775            0
5.98705      5.49271      9.00347      5.18146      10.6696     0.613353     0.608775            0
6.00078      5.49729      8.99431      5.18146      10.6696     0.613353     0.608775            0
5.98705      5.50186      9.00347      5.18603      10.6696     0.613353     0.608775            0
6.00078      5.49729       9.0172       5.1723      10.6696     0.613353     0.608775            0
6.00078      5.49271      8.99431      5.18146      10.6696     0.613353     0.608775            0
6.00078      5.51102      9.04466      5.18146      10.6696     0.613353     0.608775            0
6.00078      5.49271      9.00347      5.17688      10.6696     0.613353      0.61793            0
5.98705      5.49729      9.00347      5.18146      10.6696     0.613353      0.61793            0
5.98705      5.49271      9.00804      5.18603      10.6696     0.613353     0.608775            0
6.00078      5.49729      9.00347      5.18146      10.6696     0.613353      0.61793            0
6.00078      5.51102      8.99431      5.18146      10.6696     0.613353     0.608775            0
5.98705      5.51102      9.00347      5.18146      10.6696     0.613353     0.608775            0
5.98705      5.49729      9.02635      5.18146      10.6696     0.613353     0.608775            0
6.00078      5.50186      8.98058      5.17688      10.6696     0.613353      0.61793            0
5.98705      5.49729      8.98516      5.18146      10.6696     0.613353      0.61793            0
6.00078      5.49271      9.00347      5.18146      10.6696     0.613353     0.608775            0
6.00078      5.49729      9.00347      5.18146      10.6696     0.613353      0.61793            0
6.00078      5.49271      9.03551      5.18146      10.6696     0.613353      0.61793            0
5.98705      5.51102      8.98058      5.18146      10.6696     0.613353     0.608775            0
6.00078      5.49729       9.0172      5.18146      10.6696     0.613353     0.608775            0
6.00078      5.49729      8.95769      5.18146      10.6696     0.613353      0.61793            0
6.00078      5.49271      9.02635      5.18146      10.6696     0.613353      0.61793            0
6.00078      5.49729      8.99431      5.18146      10.6696     0.613353      0.61793            0
6.00078      5.49271      9.00347      5.18146      10.6696     0.613353      0.61793            0
6.00078      5.49271      9.03551      5.18146      10.6696     0.613353     0.608775            0
5.98705      5.49271      9.00347      5.18146      10.6696     0.613353      0.61793            0
6.00078      5.49729      8.99431      5.18146      10.6696     0.613353      0.61793            0
5.98705      5.49271      9.00347      5.18146      10.6696     0.613353      0.61793            0
6.00078      5.49729      8.99431       5.1723      10.6696     0.613353      0.61793            0
6.00078      5.49729      8.96685       5.1723      10.6696     0.613353      0.61793            0
5.98705      5.49729      9.00347      5.18146      10.6696     0.613353     0.608775            0
6.00078      5.49729      9.00347      5.18146      10.6696     0.613353      0.61793            0
6.00078      5.49271      9.00347      5.18603      10.6696     0.613353      0.61793            0
5.98705      5.49729      8.99889      5.18146      10.6696     0.613353      0.61793            0
5.98705      5.49729      8.99431      5.18146      10.6696     0.613353      0.61793            0
6.00078      5.49729        8.976      5.18146      10.6696     0.613353     0.608775            0
5.98705      5.49271      9.02635       5.1723      10.6696     0.613353      0.61793            0
6.00078      5.49729      9.00804      5.18603      10.6696     0.613353     0.608775            0
6.00078      5.49729      9.00347      5.18146      10.6696     0.613353     0.608775            0
6.00078      5.49729      9.00347      5.18146      10.6696     0.613353     0.608775            0
6.00078      5.49729      9.00347      5.18146      10.6696     0.613353      0.61793            0
6.00078      5.49729      9.00347      5.18146      10.6696     0.613353     0.608775            0
6.00078      5.49729      8.99431      5.18146      10.6696     0.613353      0.61793            0
6.00078      5.49729      8.99431       5.1723      10.6696     0.613353     0.608775            0
5.98705      5.49729      9.00347      5.18146      10.6696     0.613353      0.61793            0
6.00078      5.49729      9.02635      5.17688      10.6696     0.613353      0.61793            0
6.00078      5.49271      9.00347      5.18146      10.6696     0.613353      0.61793            0
6.00078      5.49729      9.00347       5.1723      10.6696     0.613353      0.61793            0
6.00078      5.49729      9.00347       5.1723      10.6696     0.613353      0.61793            0
5.98705      5.49729      8.99889      5.18603      10.6696     0.613353     0.608775            0
5.98705      5.49729      9.03551      5.18146      10.6696     0.613353      0.61793            0
5.98705      5.49729      9.00347      5.18146      10.6696     0.613353     0.608775            0
6.00078      5.49729      8.99431      5.18146      10.6696     0.613353      0.61793            0
6.00078      5.49729      9.02635      5.18146      10.6696     0.613353      0.61793            0
5.98705      5.49729      8.99431       5.1723      10.6696     0.613353      0.61793            0
6.00078      5.49729       9.0172      5.18603      10.6696     0.613353      0.61793            0
6.00078      5.49729      9.00347      5.18603      10.6696     0.613353     0.608775            0
6.00078      5.49729      8.98516      5.18146      10.6696     0.613353      0.61793            0
6.00078      5.49729      8.99431      5.18146      10.6696     0.613353     0.608775            0
6.00078      5.49729      9.00347      5.18603      10.6696     0.613353      0.61793            0
6.00078      5.49729      9.02177       5.1723      10.6696     0.613353      0.61793            0
6.00078      5.49729      8.99431      5.18146      10.6696     0.613353      0.61793            0
6.00078      5.49729      8.98058      5.18146      10.6696     0.613353      0.61793            0
6.00078      5.49729      9.00347      5.18146      10.6696     0.613353     0.608775            0
6.00078      5.49729      9.00347      5.17688      10.6696     0.613353     0.608775            0
5.98705      5.49729      9.00347      5.18603      10.6696     0.613353     0.608775            0
6.00078      5.49729      9.00347      5.18146      10.6696     0.613353      0.61793            0
6.00078      5.49729      9.00347      5.18146      10.6696     0.613353      0.61793            0
5.9779      5.49729      8.99431      5.18146      10.6696     0.613353      0.61793            0
6.00078      5.49729      9.00347      5.18603      10.6696     0.613353     0.608775            0
6.00078      5.49729      8.97142      5.18146      10.6696     0.613353      0.61793            0
5.98705      5.49729      9.00347      5.18603      10.6696     0.613353      0.61793            0
6.00078      5.49729      9.02177      5.18146      10.6696     0.613353      0.61793            0
5.98705      5.49729      8.99431      5.18146      10.6696     0.613353      0.61793            0
5.98705      5.49729      9.00347      5.18146      10.6696     0.613353     0.608775            0
5.98705      5.49729      9.00347      5.18146      10.6696     0.613353     0.608775            0
6.00078      5.49729       9.0172      5.18146      10.6696     0.613353     0.608775            0
5.98705      5.49729      9.00347      5.18146      10.6696     0.613353      0.61793            0
6.00078      5.49729      8.98058      5.18146      10.6696     0.613353      0.61793            0
5.98705      5.49729      8.99431      5.17688      10.6696     0.613353      0.61793            0
6.00078      5.49729      9.04924       5.1723      10.6696     0.613353      0.61793            0
6.00078      5.49729      9.00347      5.18146      10.6696     0.613353     0.608775            0
6.00078      5.49729      8.99431      5.18146      10.6696     0.613353      0.61793            0
5.99163      5.49729      8.99431      5.18603      10.6696     0.613353      0.61793            0
6.00078      5.49729      9.00347      5.18146      10.6696     0.613353      0.61793            0
% Making Code # 3 = [0.00  0.00  0.76  0.24]
5.99163      5.49729      8.99431      12.8758      4.02341     0.613353     0.608775            0
6.00536      5.49729      9.00347      12.8758      4.02341     0.613353      0.61793            0
5.99163      5.49729      8.99431       12.885      4.02341     0.613353     0.608775            0
5.99163      5.49729      8.97142      12.8758      4.03714     0.613353     0.608775            0
5.99163      5.49729      8.99431       12.885      4.02341     0.613353     0.608775            0
6.00536      5.49729      8.98058       12.885      4.02341     0.613353     0.608775            0
6.00536      5.49729       9.0172      12.8941      4.03714     0.613353     0.608775            0
5.99163      5.49729      9.00347      12.8758      4.02341     0.613353      0.61793            0
6.00536      5.49729      9.00347      12.8758      4.03714     0.613353      0.61793            0
6.00536      5.49729      8.97142      12.8758      4.02341     0.613353     0.608775            0
6.00536      5.49729      9.02177       12.885      4.03714     0.613353     0.608775            0
5.99163      5.49729      8.99431       12.885      4.03714     0.613353      0.61793            0
6.00536      5.49729      9.00347      12.8758      4.03714     0.613353      0.61793            0
6.00536      5.49729      8.99889       12.885      4.02341     0.613353     0.608775            0
5.99163      5.49729      8.98516      12.8758      4.03714     0.613353      0.61793            0
5.99163      5.49729      9.00347       12.885      4.02341     0.613353     0.608775            0
6.00536      5.49729      9.00347       12.885      4.02341     0.613353      0.61793            0
6.00536      5.49729      9.00347       12.885      4.02341     0.613353      0.61793            0
5.99163      5.49729      9.00347       12.885      4.02341     0.613353     0.608775            0
6.00536      5.49729      9.00347      12.8758      4.02341     0.613353      0.61793            0
5.99163      5.49729      9.00347      12.8758      4.02341     0.613353     0.608775            0
6.00536      5.49729      8.99889       12.885      4.02341     0.613353      0.61793            0
6.00536      5.49729      8.99431       12.885      4.02341     0.613353      0.61793            0
6.00536      5.49729      9.00347       12.885      4.03714     0.613353      0.61793            0
6.00536      5.49729      9.00347      12.8758      4.03714     0.613353     0.608775            0
5.99163      5.49729      9.00347      12.8941      4.02341     0.613353     0.608775            0
5.99163      5.49729      9.02635       12.885      4.02341     0.613353      0.61793            0
5.99163      5.49729      8.95769       12.885      4.03714     0.613353     0.608775            0
5.99163      5.49729      8.99889       12.885      4.02341     0.613353      0.61793            0
6.00536      5.49729      9.00347      12.8758      4.02341     0.613353     0.608775            0
5.99163      5.49729      9.00347      12.8758      4.02341     0.613353     0.608775            0
5.99163      5.49729      9.00347      12.8758      4.02341     0.613353      0.61793            0
6.00536      5.49729      9.00804       12.885      4.02341     0.613353      0.61793            0
5.99163      5.49729      8.95769      12.8758      4.02341     0.613353      0.61793            0
5.98248      5.49729      9.00804      12.8758      4.03714     0.613353     0.608775            0
5.99163      5.49729      9.00347       12.885      4.03714     0.613353     0.608775            0
5.99163      5.49729      8.99431      12.8758      4.02341     0.613353     0.608775            0
6.00536      5.49729      8.99431      12.8758      4.03714     0.613353     0.608775            0
5.99163      5.49729        8.976       12.885      4.03714     0.613353      0.61793            0
5.99163      5.49729      8.95769      12.8941      4.02341     0.613353     0.608775            0
5.99163      5.49729      8.99431      12.8758      4.02341     0.613353      0.61793            0
6.00536      5.49729       9.0172      12.8758      4.02341     0.613353     0.608775            0
5.99163      5.49729      9.00347       12.885      4.02341     0.613353      0.61793            0
6.00536      5.49729       9.0172      12.8758      4.02341     0.613353      0.61793            0
5.99163      5.49729      9.00347      12.8758      4.02341     0.613353     0.608775            0
5.99163      5.49729      9.00347       12.885      4.02341     0.613353      0.61793            0
6.00536      5.49729      8.99431      12.8941      4.02341     0.613353     0.608775            0
5.99163      5.49729      9.00347      12.8758      4.03714     0.613353     0.608775            0
6.00536      5.49729      9.00347      12.8758      4.03714     0.613353     0.608775            0
5.99163      5.49729      9.00347      12.8758      4.03714     0.613353     0.608775            0
5.99163      5.49729      8.99431      12.8758      4.02341     0.613353      0.61793            0
6.00536      5.49729      8.96685      12.8758      4.03714     0.613353     0.608775            0
5.99163      5.49729      9.00347      12.8758      4.02341     0.613353      0.61793            0
5.99163      5.49729      8.99431       12.885      4.02341     0.613353      0.61793            0
5.99163      5.49729      9.04466      12.8758      4.02341     0.613353      0.61793            0
5.99163      5.49729      9.03551       12.885      4.03714     0.613353     0.608775            0
6.00536      5.49729       9.0172       12.885      4.02341     0.613353     0.608775            0
5.99163      5.49729      9.04008      12.8758      4.02341     0.613353      0.61793            0
6.00536      5.49729      9.00347      12.8758      4.02341     0.613353     0.608775            0
5.99163      5.49729      9.00347      12.8941      4.02341     0.613353     0.608775            0
6.00536      5.49729      8.99889      12.8758      4.03714     0.613353      0.61793            0
6.00536      5.49729      9.02635      12.8758      4.03714     0.613353     0.608775            0
6.00536      5.49729      8.99431      12.8758      4.03714     0.613353     0.608775            0
5.99163      5.49729      8.99431       12.885      4.02341     0.613353     0.608775            0
5.99163      5.49729      8.99889      12.8758      4.03714     0.613353      0.61793            0
5.99163      5.49729      9.00347      12.8758      4.03714     0.613353     0.608775            0
5.99163      5.49729      8.99431       12.885      4.02341     0.613353     0.608775            0
5.99163      5.49729      8.99431      12.8758      4.02341     0.613353     0.608775            0
5.99163      5.49729      8.99431      12.8758      4.03714     0.613353     0.608775            0
5.99163      5.49729      8.99431       12.885      4.02341     0.613353      0.61793            0
5.99163      5.49729      8.99431      12.8758      4.02341     0.613353      0.61793            0
6.00536      5.49729        8.976       12.885      4.03714     0.613353     0.608775            0
6.00536      5.49729      9.00347      12.8758      4.02341     0.613353     0.608775            0
5.99163      5.49729      9.00347      12.8758      4.03714     0.613353      0.61793            0
6.00536      5.49729      9.00347      12.8758      4.03714     0.613353      0.61793            0
5.99163      5.49729      8.98058       12.885      4.02341     0.613353     0.608775            0
6.00536      5.49729      8.99431      12.8758      4.02341     0.613353     0.608775            0
5.99163      5.49729      8.99431      12.8941      4.03714     0.613353     0.608775            0
5.99163      5.49729      8.99431       12.885      4.02341     0.613353      0.61793            0
5.99163      5.49729      9.00347      12.8758      4.02341     0.613353     0.608775            0
6.00536      5.49729       9.0172      12.8941      4.02341     0.613353     0.608775            0
5.99163      5.49729      9.00347      12.8621      4.03714     0.613353     0.608775            0
5.99163      5.49729      8.98516      12.8758      4.02341     0.613353     0.608775            0
5.99163      5.49729      8.97142      12.8758      4.03714     0.613353     0.608775            0
5.99163      5.49729      8.99431      12.8758      4.02341     0.613353     0.608775            0
5.99163      5.49729        8.976      12.8758      4.02341     0.613353      0.61793            0
5.99163      5.49729       9.0172       12.885      4.03714     0.613353     0.608775            0
5.98248      5.49729      8.98973       12.885      4.02341     0.613353     0.608775            0
5.99163      5.49729      8.99431      12.8758      4.03714     0.613353     0.608775            0
5.99163      5.49729        8.976      12.8758      4.02341     0.613353     0.608775            0
6.00536      5.49729      9.00347      12.8758      4.02341     0.613353      0.61793            0
5.99163      5.49729      9.00347      12.8758      4.02341     0.613353      0.61793            0
6.00536      5.49729      9.00347       12.885      4.02341     0.613353     0.608775            0
5.98248      5.49729       9.0172       12.885      4.02341     0.613353     0.608775            0
5.99163      5.49729      9.00347       12.885      4.02341     0.613353     0.608775            0
6.00536      5.49729      8.98058      12.8941      4.03714     0.613353     0.608775            0
% Making Code # 4 = [0.00  0.11  0.00  0.89]
6.00994      5.49729      14.9814     0.608775      13.0269      0.61793      2.27947            0
5.98705      5.49729      15.0043     0.608775      13.0269      0.61793      2.29321            0
5.99621      5.49729      14.9951     0.608775      13.0269     0.608775      2.27947            0
5.99621      5.49729      15.0043      0.61793      13.0269      0.61793      2.27947            0
5.99621      5.49729      15.0043      0.61793      13.0269      0.61793      2.29321            0
5.99621      5.49729      14.9951     0.608775      13.0269      0.61793      2.27947            0
5.98705      5.49729       15.018     0.608775      13.0269      0.61793      2.27947            0
5.99621      5.49729      15.0317      0.61793      13.0269      0.61793      2.29321            0
5.99621      5.49729      15.0043      0.61793      13.0269      0.61793      2.27947            0
5.99621      5.49729      15.0454      0.61793      13.0269      0.61793      2.27947            0
5.99621      5.49729      14.9951     0.608775      13.0269     0.608775      2.29321            0
5.99621      5.49729      15.0043      0.61793      13.0269     0.608775      2.27947            0
5.99621      5.49729      14.9951     0.608775      13.0269     0.608775      2.29321            0
5.98705      5.49729      14.9676     0.608775      13.0269      0.61793      2.29321            0
5.99621      5.49729      15.0043     0.608775      13.0269     0.608775      2.29321            0
5.98705      5.49729      15.0043      0.61793      13.0269      0.61793      2.27947            0
5.99621      5.49729      14.9951      0.61793      13.0269     0.608775      2.27947            0
5.98705      5.49729      15.0043      0.61793      13.0269     0.608775      2.27947            0
5.99621      5.49729      15.0592      0.61793      13.0269      0.61793      2.27947            0
5.99621      5.49729      14.9951      0.61793      13.0269     0.608775      2.29321            0
5.99621      5.49729       15.018     0.608775      13.0269      0.61793      2.27947            0
5.99621      5.49729      14.9676      0.61793      13.0269      0.61793      2.27947            0
5.99621      5.49729      14.9951     0.608775      13.0269     0.608775      2.27947            0
5.99621      5.49729      15.0226     0.608775      13.0269     0.608775      2.27947            0
6.00994      5.49729      14.9951      0.61793      13.0269     0.608775      2.29321            0
5.99621      5.49729      15.0043      0.61793      13.0269      0.61793      2.27947            0
6.00994      5.49729      14.9585      0.61793      13.0269      0.61793      2.27947            0
6.00994      5.49729      15.0317     0.608775      13.0269     0.608775      2.29321            0
5.99621      5.49729      14.9951      0.61793      13.0269     0.608775      2.29321            0
5.99621      5.49729      14.9676     0.608775      13.0269     0.608775      2.27947            0
5.99621      5.49729      15.0043      0.61793      13.0269     0.608775      2.27947            0
5.98705      5.49729      14.9585      0.61793      13.0269      0.61793      2.27947            0
5.99621      5.49729      15.0043     0.608775      13.0269      0.61793      2.29321            0
5.98705      5.49729      14.9676     0.608775      13.0269      0.61793      2.29321            0
5.99621      5.49729      15.0043     0.608775      13.0269     0.608775      2.27947            0
5.99621      5.49729      15.0043     0.608775      13.0269      0.61793      2.27947            0
5.99621      5.49729       15.018     0.608775      13.0269      0.61793      2.27947            0
5.99621      5.49729      15.0043      0.61793      13.0269     0.608775      2.27947            0
5.99621      5.49729      15.0043      0.61793      13.0269     0.608775      2.27947            0
6.00994      5.49729      15.0317      0.61793      13.0269     0.608775      2.27947            0
5.99621      5.49729      14.9951     0.608775      13.0269     0.608775      2.27947            0
5.99621      5.49729      15.0043     0.608775      13.0269     0.608775      2.29321            0
5.98705      5.49729      15.0043      0.61793      13.0269      0.61793      2.29321            0
5.99621      5.49729      15.0043      0.61793      13.0269     0.608775      2.29321            0
5.99621      5.49729      15.0317     0.608775      13.0269     0.608775      2.27947            0
5.98705      5.49729      14.9676      0.61793      13.0269      0.61793      2.27947            0
5.99621      5.49729      14.9951     0.608775      13.0269      0.61793      2.29321            0
5.99621      5.49729      15.0043     0.608775      13.0269     0.608775      2.29321            0
5.99621      5.49729      15.0043      0.61793      13.0269      0.61793      2.27947            0
5.98705      5.49729      14.9951     0.608775      13.0269      0.61793      2.27947            0
5.99621      5.49729      14.9585      0.61793      13.0269     0.608775      2.27947            0
5.99621      5.49729      15.0043     0.608775      13.0269      0.61793      2.27947            0
5.99621      5.49729      15.0043      0.61793      13.0269     0.608775      2.27947            0
5.98705      5.49729      14.9585      0.61793      13.0269      0.61793      2.29321            0
5.99621      5.49729      15.0043     0.608775      13.0269     0.608775      2.29321            0
5.99621      5.49729      15.0043     0.608775      13.0269      0.61793      2.27947            0
5.99621      5.49729      15.0043      0.61793      13.0269     0.608775      2.27947            0
6.00994      5.49729      14.9814      0.61793      13.0269     0.608775      2.29321            0
6.00994      5.49729      14.9814     0.608775      13.0269      0.61793      2.27947            0
5.99621      5.49729      15.0043      0.61793      13.0269     0.608775      2.27947            0
5.98705      5.49729      14.9585     0.608775      13.0269     0.608775      2.29321            0
5.99621      5.49729      15.0043     0.608775      13.0269     0.608775      2.27947            0
5.99621      5.49729      14.9951     0.608775      13.0269     0.608775      2.27947            0
5.98705      5.49729      15.0043     0.608775      13.0269      0.61793      2.27947            0
5.99621      5.49729      14.9951      0.61793      13.0269      0.61793      2.27947            0
6.00994      5.49729       15.018      0.61793      13.0269     0.608775      2.29321            0
5.99621      5.49729      15.0043      0.61793      13.0269     0.608775      2.29321            0
5.99621      5.49729      14.9814     0.608775      13.0269      0.61793      2.29321            0
5.99621      5.49729       15.018     0.608775      13.0269     0.608775      2.27947            0
5.99621      5.49729      14.9951     0.608775      13.0269     0.608775      2.27947            0
5.99621      5.49729      14.9951     0.608775      13.0269      0.61793      2.27947            0
5.99621      5.49729      15.0043     0.608775      13.0269      0.61793      2.27947            0
5.99621      5.49729      14.9951      0.61793      13.0269      0.61793      2.29321            0
6.00994      5.49729      15.0088      0.61793      13.0269     0.608775      2.29321            0
5.99621      5.49729      14.9951     0.608775      13.0269      0.61793      2.27947            0
5.99621      5.49729      14.9951      0.61793      13.0269      0.61793      2.27947            0
6.00994      5.49729      14.9951      0.61793      13.0269     0.608775      2.29321            0
5.99621      5.49729      15.0043      0.61793      13.0269      0.61793      2.29321            0
5.99621      5.49729      14.9951      0.61793      13.0269     0.608775      2.29321            0
6.00994      5.49729      15.0043     0.608775      13.0269     0.608775      2.29321            0
5.98705      5.49729      15.0043      0.61793      13.0269     0.608775      2.29321            0
5.99621      5.49729      15.0043      0.61793      13.0269      0.61793      2.27947            0
5.98705      5.49729      14.9951     0.608775      13.0269     0.608775      2.29321            0
5.99621      5.49729      15.0043      0.61793      13.0269      0.61793      2.27947            0
5.99621      5.49729      14.9951     0.608775      13.0269      0.61793      2.29321            0
5.99621      5.49729      15.0683     0.608775      13.0269     0.608775      2.29321            0
5.99621      5.49729      15.0043     0.608775      13.0269     0.608775      2.27947            0
5.99621      5.49729      14.9997      0.61793      13.0269      0.61793      2.27947            0
5.99621      5.49729      15.0043     0.608775      13.0269     0.608775      2.29321            0
5.99621      5.49729      14.9951     0.608775      13.0269     0.608775      2.27947            0
5.99621      5.49729      14.9951     0.608775      13.0269     0.608775      2.27947            0
5.99621      5.49729      15.0043     0.608775      13.0269     0.608775      2.29321            0
5.99621      5.49729      15.0043      0.61793      13.0269      0.61793      2.29321            0
5.99621      5.49729      15.0043     0.608775      13.0269      0.61793      2.27947            0
5.98705      5.49729      15.0043     0.608775      13.0269     0.608775      2.27947            0
5.99621      5.49729      14.9814     0.608775      13.0269      0.61793      2.29321            0
% Making Code # 5 = [0.00  0.11  0.28  0.61]
4.5086      5.49729      15.0043      5.18146      9.09043     0.608775      2.27947            0
4.5086      5.49729      14.9814      5.18146       9.0767     0.608775      2.27947            0
4.49487      5.49729      15.0043      5.18146      9.09043     0.608775      2.27947            0
4.49487      5.49729      15.0043      5.18146      9.09043      0.61793      2.27947            0
