15-Jul-2014 14:16:17
D:\Secondlife-32\Matlab\BeadSynthesizerV3.0\Scripts\PressureLog_20140715-01.txt
% Making Code # 1 = [0.00  0.00  0.00  1.00]
5.99621      4.99837      9.02177      0.61793      14.6152     0.613353      0.61793            0
5.98705      4.99837      8.99889     0.608775      14.6243     0.613353     0.608775            0
5.98705      4.99837      9.00804     0.608775      14.6152     0.613353     0.608775            0
5.99621      4.99837      8.99431     0.608775      14.6015     0.613353      0.61793            0
5.99621      4.99837      9.00347      0.61793      14.6015     0.613353      0.61793            0
5.99621      4.99837      8.99431      0.61793      14.6015     0.613353     0.608775            0
5.99621      4.99837      8.99889      0.61793      14.6152     0.613353      0.61793            0
5.99621      4.99837      9.00804      0.61793      14.6152     0.613353      0.61793            0
5.99621      4.99837      9.00347      0.61793      14.6152     0.613353      0.61793            0
6.00994      4.99837      8.99889     0.608775      14.6152     0.613353      0.61793            0
5.99621      4.99837        8.976      0.61793      14.6152     0.613353      0.61793            0
5.98705      4.99837      9.00347     0.608775      14.6015     0.613353      0.61793            0
6.00994      4.99837      8.99889      0.61793      14.6152     0.613353      0.61793            0
5.99621      4.99837      9.00804     0.608775      14.6152     0.613353     0.608775            0
5.99621      4.99837      8.99889      0.61793      14.6152     0.613353     0.608775            0
5.99621      4.99837      8.99889      0.61793      14.6015     0.613353      0.61793            0
5.99621      4.99837      9.02635      0.61793      14.6152     0.613353     0.608775            0
5.99621      4.99837      8.99889     0.608775      14.6152     0.613353      0.61793            0
5.99621      4.99837      8.99889     0.608775      14.6152     0.613353      0.61793            0
6.00994      4.99837      8.98516     0.608775      14.6152     0.613353      0.61793            0
5.99621      4.99837      8.99431     0.608775      14.6015     0.613353     0.608775            0
5.98705      4.99837      8.98516     0.608775      14.6015     0.613353     0.608775            0
5.99621      4.99837      8.99889     0.608775      14.6152     0.613353      0.61793            0
6.00994      4.99837        8.976      0.61793      14.6152     0.613353     0.608775            0
5.99621      4.99837      8.99889     0.608775      14.6015     0.613353      0.61793            0
5.99621      4.99837      9.00347      0.61793      14.6152     0.613353     0.608775            0
5.99621      4.99837      8.99889      0.61793      14.6015     0.613353      0.61793            0
5.99621      4.99837      9.00804     0.608775      14.6015     0.613353      0.61793            0
6.00994      4.99837      8.98516     0.608775      14.6015     0.613353     0.608775            0
5.99621      4.99837      8.98973     0.608775      14.6152     0.613353      0.61793            0
5.99621      4.99837      9.02177     0.608775      14.6152     0.613353     0.608775            0
5.99621      4.99837      9.02177     0.608775      14.6152     0.613353     0.608775            0
5.99621      4.99837      9.02177     0.608775      14.6243     0.622507      0.61793            0
5.98705      4.99837      8.99889     0.608775      14.6243     0.613353      0.61793            0
5.99621      4.99837      8.99889      0.61793      14.6015     0.613353     0.608775            0
5.98705      4.99837      8.99889      0.61793      14.6152     0.613353      0.61793            0
5.99621      4.99837      8.98516      0.61793      14.6015     0.613353      0.61793            0
5.98705      4.99837      8.99889     0.608775      14.6243     0.613353      0.61793            0
5.99621      4.99837        8.976     0.608775      14.6015     0.613353      0.61793            0
5.98705      4.99837      8.97142     0.608775      14.6152     0.613353      0.61793            0
5.99621      4.99837      8.99431     0.608775      14.6015     0.613353     0.608775            0
5.99621      4.99837      8.99889     0.608775      14.6015     0.613353      0.61793            0
5.99621      4.99837      9.00347      0.61793      14.6152     0.613353     0.608775            0
6.00994      4.99837      9.00804     0.608775      14.6152     0.613353      0.61793            0
5.99621      4.99837      8.98973     0.608775      14.6015     0.613353      0.61793            0
6.00994      4.99837      8.99889     0.608775      14.6152     0.613353      0.61793            0
6.00994      4.99837      8.99889      0.61793      14.6152     0.613353      0.61793            0
5.99621      4.99837        8.976     0.608775      14.6152     0.613353     0.608775            0
5.99621      4.99837      8.99889     0.608775      14.6015     0.613353      0.61793            0
5.99621      4.99837        8.976     0.608775      14.6015     0.613353      0.61793            0
5.99621      4.99837      8.99889     0.608775      14.6152     0.613353      0.61793            0
5.99621      4.99837      9.04924     0.608775      14.6152     0.613353      0.61793            0
5.99621      4.99837      8.99889     0.608775      14.6152     0.613353     0.608775            0
5.99621      4.99837      9.00804      0.61793      14.6152     0.613353      0.61793            0
5.99621      4.99837      8.99889     0.608775      14.6152     0.613353      0.61793            0
5.98705      4.99837      9.00804      0.61793      14.6152     0.613353     0.608775            0
5.99621      4.99837      8.99889      0.61793      14.6152     0.613353     0.608775            0
5.99621      4.99837      8.99889      0.61793      14.6152     0.613353     0.608775            0
5.98705      4.99837      8.99889      0.61793      14.6152     0.613353      0.61793            0
5.98705      4.99837      9.00804     0.608775      14.6243     0.613353     0.608775            0
5.99621      4.99837      8.99889     0.608775      14.6152     0.613353     0.608775            0
5.99621      4.99837      8.99889     0.608775      14.6152     0.613353      0.61793            0
5.99621      4.99837      9.00804      0.61793      14.6152     0.613353     0.608775            0
6.00994      4.99837      8.96227     0.608775      14.6152     0.613353      0.61793            0
5.98705      4.99837      8.99889     0.608775      14.6152     0.613353      0.61793            0
5.98705      4.99837      8.99889     0.608775      14.6015     0.613353     0.608775            0
5.99621      4.99837      9.00347      0.61793      14.6015     0.613353     0.608775            0
5.98705      4.99837      8.99889     0.608775      14.6152     0.613353     0.608775            0
5.99621      4.99837      8.99889     0.608775      14.6152     0.613353      0.61793            0
5.98705      4.99837      8.96227      0.61793      14.6015     0.613353      0.61793            0
5.99621      4.99837      9.00804     0.608775      14.6152     0.613353      0.61793            0
5.99621      4.99837      8.98516      0.61793      14.6015     0.613353     0.608775            0
5.98705      4.99837      9.00804      0.61793      14.6015     0.613353      0.61793            0
5.99621      4.99837      9.00347     0.608775      14.6152     0.613353      0.61793            0
5.99621      4.99837      8.99889      0.61793      14.6152     0.613353      0.61793            0
5.99621      4.99837      9.00804     0.608775      14.6015     0.613353     0.608775            0
5.98705      4.99837      8.99889      0.61793      14.6152     0.613353     0.608775            0
5.98705      4.99837      8.99889     0.608775      14.6152     0.613353     0.608775            0
5.99621      4.99837      9.00347      0.61793      14.6015     0.613353      0.61793            0
5.99621      4.99837      9.02177     0.608775      14.6152     0.613353      0.61793            0
6.00994      4.99837        8.976      0.61793      14.6015     0.613353      0.61793            0
5.99621      4.99837      8.99889     0.608775      14.6152     0.613353      0.61793            0
5.99621      4.99837      8.98516      0.61793      14.6015     0.613353     0.608775            0
5.99621      4.99837      8.99889      0.61793      14.6152     0.613353      0.61793            0
5.99621      4.99837      9.00804     0.608775      14.6152     0.613353      0.61793            0
5.99621      4.99837      9.00347     0.608775      14.6152     0.613353     0.608775            0
5.98705      4.99837      8.99431     0.608775      14.6152     0.613353      0.61793            0
5.99621      4.99837      9.02177      0.61793      14.6152     0.613353      0.61793            0
5.99621      4.99837      8.99889     0.608775      14.6152     0.613353      0.61793            0
5.98705      4.99837      8.98516     0.608775      14.6152     0.613353     0.608775            0
5.98705      4.99837      8.99431      0.61793      14.6152     0.613353      0.61793            0
6.00994      4.99837      8.99889     0.608775      14.6015     0.613353     0.608775            0
5.98705      4.99837      8.99889     0.608775      14.6015     0.613353      0.61793            0
5.99621      4.99837      8.98516      0.61793      14.6152     0.613353      0.61793            0
5.99621      4.99837      8.99431      0.61793      14.6152     0.613353     0.608775            0
5.99621      4.99837      8.99889      0.61793      14.6015     0.613353      0.61793            0
% Making Code # 2 = [0.00  0.00  0.28  0.72]
5.99621      4.99837        8.976      5.49271      10.6696     0.613353      0.61793            0
6.00994      4.99837      8.99889      5.49271      10.6696     0.613353     0.608775            0
6.00994      4.99837      9.00347      5.49271      10.6696     0.613353     0.608775            0
5.99621      4.99837      9.01262      5.47898      10.6696     0.613353      0.61793            0
5.99621      4.99837      9.00804      5.47898      10.6696     0.613353      0.61793            0
5.99621      4.99837      9.03551      5.49271      10.6696     0.613353     0.608775            0
5.99621      4.99837      8.99889      5.49271      10.6696     0.613353     0.608775            0
5.99621      4.99837      9.04008      5.47898      10.6696     0.613353      0.61793            0
5.99621      4.99837      8.99889      5.49271      10.6696     0.613353      0.61793            0
5.99621      4.99837      8.99889      5.49271      10.6696     0.613353      0.61793            0
5.99621      4.99837      8.98516      5.48355      10.6696     0.613353     0.608775            0
5.99621      4.99837      8.99889      5.49271      10.6696     0.613353     0.608775            0
5.99621      4.99837      9.00804      5.49271      10.6696     0.613353      0.61793            0
6.00994      4.99837      8.99889      5.49271      10.6696     0.613353      0.61793            0
5.99621      4.99837      9.00804      5.49271      10.6696     0.613353      0.61793            0
5.99621      4.99837      8.99889      5.49271      10.6696     0.613353     0.608775            0
5.99621      4.99837      9.00804      5.48355      10.6696     0.613353      0.61793            0
5.99621      4.99837      8.99889      5.49271      10.6696     0.613353      0.61793            0
6.00994      4.99837      9.00804      5.49271      10.6696     0.613353      0.61793            0
5.99621      4.99837      8.99889      5.48355      10.6696     0.613353     0.608775            0
5.99621      4.99837        8.976      5.47898      10.6696     0.613353     0.608775            0
5.99621      4.99837      8.99889      5.49271      10.6696     0.613353     0.608775            0
5.98705      4.99837        8.976      5.49271      10.6696     0.613353     0.608775            0
5.99621      4.99837      8.96227      5.49271      10.6696     0.613353      0.61793            0
6.00994      4.99837      8.98058      5.47898      10.6696     0.613353      0.61793            0
5.99621      4.99837      8.98516      5.47898      10.6696     0.613353      0.61793            0
5.99621      4.99837      8.99889      5.49271      10.6696     0.613353      0.61793            0
5.99621      4.99837      8.99431      5.47898      10.6696     0.613353     0.608775            0
5.98705      4.99837      8.99889      5.49271      10.6696     0.613353     0.608775            0
6.00994      4.99837      8.98516      5.47898      10.6696     0.613353     0.608775            0
5.99621      4.99837      9.02177      5.49271      10.6696     0.613353      0.61793            0
5.99621      4.99837      9.00804      5.48355      10.6696     0.613353     0.608775            0
5.99621      4.99837      9.00804      5.49271      10.6696     0.613353      0.61793            0
5.99621      4.99837      8.99889      5.47898      10.6696     0.613353     0.608775            0
6.00994      4.99837      8.98516      5.49271      10.6696     0.613353     0.608775            0
5.99621      4.99837      8.99889      5.49271      10.6696     0.613353      0.61793            0
6.00994      4.99837      9.00804      5.47898      10.6696     0.613353     0.608775            0
5.99621      4.99837      8.99889      5.49271      10.6696     0.613353      0.61793            0
5.98705      4.99837      9.00804      5.49271      10.6696     0.613353      0.61793            0
5.99621      4.99837      8.98516      5.49271      10.6696     0.613353     0.608775            0
5.99621      4.99837      8.99889      5.47898      10.6696     0.613353     0.608775            0
5.98705      4.99837      9.00804      5.47898      10.6696     0.613353     0.608775            0
6.00994      4.99837      8.98516      5.49271      10.6696     0.613353     0.608775            0
5.98705      4.99837      9.00804      5.49271      10.6696     0.613353      0.61793            0
5.99621      4.99837      8.99889      5.49271      10.6696     0.613353      0.61793            0
5.99621      4.99837      8.99889      5.48355      10.6696     0.613353     0.608775            0
5.98705      4.99837      8.99889       5.4744      10.6696     0.613353     0.608775            0
5.98705      4.99837      8.99889      5.49271      10.6559     0.613353     0.608775            0
5.99621      4.99837      8.99889      5.49271      10.6696     0.613353     0.608775            0
5.99621      4.99837      8.99889      5.47898      10.6696     0.613353      0.61793            0
5.99621      4.99837      8.99431      5.49271      10.6696     0.613353      0.61793            0
6.00994      4.99837      9.00804      5.49271      10.6696     0.613353     0.608775            0
5.98705      4.99837      8.99889      5.48355      10.6696     0.613353      0.61793            0
6.00994      4.99837      8.99889      5.48355      10.6696     0.613353     0.608775            0
6.00994      4.99837      8.98516      5.49271      10.6696     0.613353      0.61793            0
5.98705      4.99837      8.98516      5.47898      10.6696     0.613353     0.608775            0
5.99621      4.99837      9.00804      5.49271      10.6696     0.613353      0.61793            0
5.99621      4.99837      8.99889      5.49271      10.6696     0.613353     0.608775            0
6.00994      4.99837      9.00804      5.49271      10.6696     0.613353     0.608775            0
5.99621      4.99837        8.976      5.47898      10.6696     0.613353      0.61793            0
5.98705      4.99837      8.99889      5.49271      10.6696     0.613353     0.608775            0
5.99621      4.99837      8.98516      5.47898      10.6696     0.613353     0.608775            0
5.99621      4.99837      8.99889      5.49271      10.6696     0.613353      0.61793            0
5.99621      4.99837        8.976       5.4744      10.6696     0.613353      0.61793            0
5.99621      4.99837      8.99889      5.49271      10.6696     0.613353     0.608775            0
6.00994      4.99837      9.00804      5.49271      10.6696     0.613353      0.61793            0
5.99621      4.99837      9.01262      5.49271      10.6696     0.613353     0.608775            0
5.98705      4.99837      8.99889      5.49271      10.6696     0.613353     0.608775            0
5.99621      4.99837      8.99889      5.47898      10.6696     0.613353      0.61793            0
5.99621      4.99837      8.99889      5.49271      10.6696     0.613353      0.61793            0
5.99621      4.99837      8.99889      5.49271      10.6696     0.613353     0.608775            0
5.99621      4.99837      8.99889      5.47898      10.6696     0.613353      0.61793            0
5.99621      4.99837      9.03551      5.49271      10.6696     0.613353     0.608775            0
5.99621      4.99837      8.99889      5.49271      10.6696     0.613353     0.608775            0
5.99621      4.99837      8.98516      5.49271      10.6696     0.613353      0.61793            0
6.00994      4.99837      8.99889      5.49271      10.6696     0.613353      0.61793            0
5.99621      4.99837      9.00804      5.49271      10.6696     0.613353     0.608775            0
6.00994      4.99837      8.99889      5.47898      10.6696     0.613353      0.61793            0
5.98705      4.99837      9.02635      5.49271      10.6696     0.613353     0.608775            0
5.99621      4.99837      9.00804      5.48355      10.6696     0.613353     0.608775            0
5.99621      4.99837      9.00804      5.49271      10.6696     0.613353      0.61793            0
5.99621      4.99837      8.98516      5.47898      10.6696     0.613353     0.608775            0
5.99621      4.99837      8.99889      5.49271      10.6696     0.613353     0.608775            0
5.99621      4.99837      8.99889      5.48355      10.6696     0.613353      0.61793            0
5.99621      4.99837      9.00804      5.49271      10.6696     0.613353     0.608775            0
5.99621      4.99837      9.00804      5.49271      10.6696     0.613353      0.61793            0
5.98705      4.99837      8.98516      5.49271      10.6696     0.613353     0.608775            0
5.99621      4.99837      8.98516      5.49271      10.6696     0.613353      0.61793            0
5.99621      4.99837      8.98516      5.49271      10.6696     0.613353      0.61793            0
5.99621      4.99837      8.99889      5.49271      10.6696     0.613353      0.61793            0
5.98705      4.99837      8.99889      5.47898      10.6696     0.613353      0.61793            0
5.99621      4.99837      9.01262      5.49271      10.6696     0.613353     0.608775            0
5.99621      4.99837      8.99889      5.48355      10.6696     0.613353     0.608775            0
5.99621      4.99837      8.99431      5.49271      10.6696     0.613353     0.608775            0
5.99621      4.99837      8.99889      5.49271      10.6696     0.613353      0.61793            0
5.99621      4.99837      8.99889      5.49271      10.6696     0.613353      0.61793            0
% Making Code # 3 = [0.00  0.00  0.76  0.24]
6.00994      4.99837      8.98516      13.6997      4.03714     0.613353      0.61793            0
5.98705      4.99837      9.00804      13.7135      4.02341     0.613353      0.61793            0
5.99621      4.99837      9.00804      13.6997      4.02341     0.613353      0.61793            0
5.99621      4.99837      8.99889      13.6997      4.02341     0.613353      0.61793            0
5.98705      4.99837      8.99889      13.6997      4.03714     0.613353      0.61793            0
5.99621      4.99837      9.00804      13.6997      4.02341     0.613353     0.608775            0
5.99621      4.99837      8.99889      13.7135      4.03714     0.613353     0.608775            0
5.98705      4.99837      8.99889      13.6997      4.02341     0.613353     0.608775            0
6.00994      4.99837      9.00804      13.7135      4.02341     0.613353     0.608775            0
6.00994      4.99837      8.99889      13.7135      4.02341     0.613353     0.608775            0
5.99621      4.99837      9.01262      13.6997      4.02341     0.613353     0.608775            0
5.99621      4.99837       9.0172      13.6997      4.02341     0.613353     0.608775            0
5.98705      4.99837      9.02177      13.6997      4.02341     0.613353     0.608775            0
5.99621      4.99837      8.99889      13.7135      4.02341     0.613353      0.61793            0
5.98705      4.99837      9.00804      13.6997      4.02341     0.613353     0.608775            0
5.98705      4.99837      9.00804      13.6997      4.02341     0.613353     0.608775            0
5.99621      4.99837      8.99889      13.6997      4.03714     0.613353      0.61793            0
6.00994      4.99837      9.02177      13.6997      4.03714     0.613353     0.608775            0
5.99621      4.99837      8.99889      13.6997      4.02341     0.613353      0.61793            0
5.99621      4.99837      8.99889      13.6997      4.02341     0.613353      0.61793            0
5.99621      4.99837      8.98516      13.7135      4.02341     0.613353     0.608775            0
5.99621      4.99837      9.00804      13.6997      4.02341     0.613353     0.608775            0
5.99621      4.99837      8.99889      13.6997      4.02341     0.613353      0.61793            0
5.98705      4.99837      8.99889      13.6997      4.02341     0.613353      0.61793            0
5.99621      4.99837      8.99889      13.6997      4.02341     0.613353      0.61793            0
5.99621      4.99837      8.98058      13.7135      4.02341     0.613353      0.61793            0
5.99621      4.99837      8.99889      13.7135      4.02341     0.613353     0.608775            0
5.99621      4.99837      8.99889      13.7135      4.03714     0.613353      0.61793            0
5.99621      4.99837      8.99889      13.6997      4.02341     0.613353     0.608775            0
6.00994      4.99837      8.96227      13.6997      4.02341     0.613353     0.608775            0
5.99621      4.99837      9.00804      13.6997      4.02341     0.613353      0.61793            0
5.99621      4.99837      8.99889      13.6997      4.02341     0.613353      0.61793            0
5.99621      4.99837      8.98516      13.7135      4.02341     0.613353      0.61793            0
6.00994      4.99837        8.976      13.6997      4.03714     0.613353     0.608775            0
