16-Jul-2014 13:51:07
D:\Secondlife-32\Matlab\BeadSynthesizerV3.0\Scripts\PressureLog_20140716-02.txt
% Making Code # 1 = [0.00  0.00  0.00  1.00]
6.00078      6.49971      11.9878     0.608775      14.6015     0.608775     0.599621            0
6.00078      6.49971       11.997      0.61793      14.6152     0.608775     0.608775            0
5.98705      6.49971       11.997     0.608775      14.6015     0.608775     0.608775            0
6.00078      6.49971      11.9741      0.61793      14.6152      0.61793     0.608775            0
5.98705      6.49971       11.997      0.61793      14.6015     0.608775      0.61793            0
5.98705      6.49971      11.9878     0.608775      14.6152     0.608775      0.61793            0
5.98705      6.49971      11.9878      0.61793      14.6015      0.61793     0.608775            0
5.98705      6.49971       11.997      0.61793      14.6015     0.608775     0.608775            0
6.00078      6.49971      11.9878     0.608775      14.6152      0.61793      0.61793            0
5.98705      6.49971      11.9878     0.608775      14.6015      0.61793      0.61793            0
6.00078      6.49971       11.997      0.61793      14.6152     0.608775      0.61793            0
5.98705      6.49971       11.997      0.61793      14.6015      0.61793     0.608775            0
6.00078      6.49971      12.0061     0.608775      14.6152     0.608775     0.608775            0
6.00078      6.49971       11.997     0.608775      14.6015      0.61793     0.608775            0
6.00078      6.49971       11.997      0.61793      14.6152     0.608775      0.61793            0
5.98705      6.49971       11.997      0.61793      14.6015      0.61793      0.61793            0
6.00078      6.49971      12.0061      0.61793      14.6152      0.61793     0.608775            0
6.00078      6.49971      11.9878      0.61793      14.6015     0.608775      0.61793            0
5.98705      6.49971       11.997      0.61793      14.6015      0.61793      0.61793            0
5.98705      6.49971       11.997     0.608775      14.6015      0.61793     0.608775            0
6.00078      6.49971       11.997      0.61793      14.6015     0.608775      0.61793            0
6.00078      6.49971       11.997      0.61793      14.6015      0.61793     0.608775            0
6.00078      6.49971      11.9878      0.61793      14.6152     0.608775      0.61793            0
5.98705      6.49971      11.9878     0.608775      14.6015     0.608775      0.61793            0
6.00078      6.49971      11.9878      0.61793      14.6152     0.608775     0.608775            0
6.00078      6.49055       11.997     0.608775      14.6152     0.608775      0.61793            0
6.00078      6.49971       11.997      0.61793      14.6152      0.61793     0.608775            0
6.00078      6.49971       11.997     0.608775      14.6152      0.61793      0.61793            0
6.00078      6.49971       11.997      0.61793      14.6015     0.608775     0.608775            0
6.00078      6.49971       11.997     0.608775      14.6152     0.608775     0.608775            0
6.00078      6.49971       11.997      0.61793      14.6152     0.608775     0.608775            0
5.98705      6.49971      11.9878     0.608775      14.6152      0.61793     0.608775            0
6.00078      6.49971       11.997      0.61793      14.6152      0.61793     0.608775            0
6.00078      6.49971      12.0061     0.608775      14.6152      0.61793     0.608775            0
6.00078      6.49971       11.997      0.61793      14.6152     0.608775      0.61793            0
6.00078      6.49971       11.997     0.608775      14.6152      0.61793      0.61793            0
6.00078      6.49971       11.997     0.608775      14.6152      0.61793      0.61793            0
5.9779      6.49971       11.997     0.608775      14.6152      0.61793      0.61793            0
5.98705      6.49971      12.0061     0.608775      14.6015      0.61793      0.61793            0
6.00078      6.49971      11.9741     0.608775      14.6015     0.608775      0.61793            0
6.00078      6.49971       11.997     0.608775      14.6152     0.608775      0.61793            0
6.00078      6.49971      11.9878     0.608775      14.6152     0.608775     0.608775            0
6.00078      6.49971      11.9878     0.608775      14.6152      0.61793     0.608775            0
6.00078      6.49971      12.0061     0.608775      14.6015      0.61793     0.608775            0
5.98705      6.49971       11.997     0.608775      14.6152     0.608775     0.608775            0
6.00078      6.49971       11.997     0.608775      14.6152      0.61793      0.61793            0
6.00078      6.49971      11.9878     0.608775      14.6015      0.61793     0.608775            0
5.98705      6.49971       12.029      0.61793      14.6152      0.61793     0.608775            0
5.98705      6.49971       11.997      0.61793      14.6152      0.61793     0.608775            0
6.00078      6.49971       11.997      0.61793      14.6152     0.608775     0.608775            0
6.00078      6.49971       11.997      0.61793      14.6152      0.61793      0.61793            0
6.00078      6.49971       11.997      0.61793      14.6015     0.608775     0.608775            0
5.98705      6.49971       11.997      0.61793      14.6152      0.61793      0.61793            0
6.00078      6.49971      12.0061      0.61793      14.6152      0.61793      0.61793            0
6.00078      6.49971      12.0061     0.608775      14.6152      0.61793      0.61793            0
6.00078      6.49971      12.0199     0.608775      14.6152     0.608775      0.61793            0
6.00078      6.49971      11.9878     0.608775      14.6152      0.61793     0.608775            0
6.00078      6.49971       11.997     0.608775      14.6152      0.61793     0.608775            0
5.98705      6.49971       11.997     0.608775      14.6152     0.608775      0.61793            0
6.00078      6.49971       11.997      0.61793      14.6152     0.608775      0.61793            0
6.00078      6.49971       11.997      0.61793      14.6152     0.608775     0.608775            0
6.00078      6.49971       11.997     0.608775      14.6152      0.61793      0.61793            0
6.00078      6.49971       11.997      0.61793      14.6152      0.61793      0.61793            0
6.00078      6.49971       11.997     0.608775      14.6152      0.61793     0.608775            0
6.00078      6.49971       11.997     0.608775      14.6152     0.608775      0.61793            0
6.00078      6.49971       11.997     0.608775      14.6152      0.61793     0.608775            0
5.98705      6.49971       11.997     0.608775      14.6015      0.61793      0.61793            0
6.00078      6.49971       11.997     0.608775      14.6152     0.608775      0.61793            0
6.00078      6.49971       11.997      0.61793      14.6152     0.608775      0.61793            0
5.98705      6.49971      11.9787     0.608775      14.6152      0.61793     0.608775            0
5.98705      6.49971       11.997      0.61793      14.6015      0.61793     0.608775            0
6.00078      6.49971       11.997      0.61793      14.6015      0.61793      0.61793            0
6.00078      6.49971      12.0382      0.61793      14.6152      0.61793      0.61793            0
5.98705      6.49971       11.997      0.61793      14.6152     0.608775      0.61793            0
6.00078      6.49971       11.965      0.61793      14.6152      0.61793     0.608775            0
6.00078      6.49971       11.997     0.608775      14.6152     0.608775      0.61793            0
6.00078      6.49971      12.0519      0.61793      14.6152      0.61793     0.608775            0
5.98705      6.49971      11.9878      0.61793      14.6015      0.61793     0.608775            0
5.98705      6.49971       11.997      0.61793      14.6152      0.61793     0.608775            0
6.00078      6.49971      11.9787     0.608775      14.6152      0.61793     0.608775            0
6.00078      6.49971       11.997      0.61793      14.6152      0.61793      0.61793            0
5.98705      6.49971      12.0061     0.608775      14.6015     0.608775     0.608775            0
5.98705      6.49971       11.997      0.61793      14.6152     0.608775      0.61793            0
5.98705      6.49971      11.9878      0.61793      14.6015     0.608775      0.61793            0
6.00078      6.49971       11.997      0.61793      14.6152      0.61793     0.608775            0
6.00078      6.49971      11.9878      0.61793      14.6152      0.61793      0.61793            0
6.00078      6.49971      11.9878     0.608775      14.6152      0.61793     0.608775            0
6.00078      6.49971       11.997     0.608775      14.6015      0.61793     0.608775            0
5.98705      6.49971       11.997     0.608775      14.6015      0.61793      0.61793            0
5.98705      6.49971       11.997      0.61793      14.6152     0.608775      0.61793            0
6.00078      6.49971      12.0061     0.608775      14.6152      0.61793     0.608775            0
6.00078      6.49971       11.997      0.61793      14.6152      0.61793      0.61793            0
6.00078      6.49971       11.997      0.61793      14.6152     0.608775      0.61793            0
6.00078      6.49971       11.997     0.608775      14.6015     0.608775      0.61793            0
6.00078      6.49971      12.0061      0.61793      14.6152      0.61793     0.608775            0
5.98705      6.49971      12.0061      0.61793      14.6152      0.61793     0.608775            0
