25-Jun-2014 15:07:36
Z:\Matlab\BeadSynthesizerV3.0\Scripts\PressureLog_20140625-01.txt
% Making Code # 1 = [0.00  0.00  0.00  1.00]
5.98705      5.50186      8.98058     0.270058      14.2627     0.265481     0.270058            0
6.00078      5.50186      8.99889     0.260904      14.2627     0.265481     0.270058            0
5.98705      5.50186      8.99889     0.270058      14.2627     0.265481     0.270058            0
5.98705      5.49271      9.01262     0.270058      14.2627     0.265481     0.260904            0
6.00078      5.49271      8.99889     0.270058      14.2627     0.265481     0.270058            0
6.00078      5.49271      8.99889     0.270058      14.2627     0.265481     0.270058            0
6.00078      5.50186      8.99889     0.260904      14.2627     0.265481     0.260904            0
6.00078      5.49271      8.99889     0.260904      14.2627     0.265481     0.270058            0
6.00078      5.50186      9.01262     0.260904      14.2627     0.265481     0.260904            0
6.00078      5.49271      8.99889     0.270058      14.2627     0.265481     0.270058            0
6.00078      5.49271      8.99889     0.270058      14.2627     0.265481     0.260904            0
5.98705      5.49271      8.99889     0.270058      14.2627     0.265481     0.260904            0
6.00078      5.50186      9.01262     0.270058      14.2627     0.265481     0.260904            0
6.00078      5.49271      8.98973     0.260904      14.2627     0.265481     0.260904            0
5.98705      5.49271      8.99889     0.260904      14.2627     0.265481     0.260904            0
5.98705      5.50186      8.99889     0.270058      14.2627     0.265481     0.260904            0
6.00078      5.50186      8.99889     0.260904      14.2627     0.265481     0.270058            0
6.00078      5.50186      8.99889     0.260904      14.2627     0.265481     0.270058            0
6.00078      5.49271      9.01262     0.260904      14.2627     0.265481     0.270058            0
5.98705      5.49271      8.99889     0.260904      14.2627     0.265481     0.270058            0
6.00078      5.49271      8.99889     0.270058      14.2627     0.265481     0.260904            0
6.00078      5.49271      8.99889     0.260904      14.2627     0.265481     0.260904            0
5.98705      5.49271      8.99889     0.260904      14.2627     0.265481     0.270058            0
5.98705      5.49271      9.03551     0.137318      14.2627     0.265481     0.270058            0
6.00078      5.49271      8.99889     0.260904      14.2627     0.265481     0.270058            0
6.00078      5.49271      8.99889     0.270058      14.2627     0.265481     0.270058            0
6.00078      5.50186      9.02177     0.270058      14.2627     0.265481     0.260904            0
6.00078      5.49271      9.01262     0.260904      14.2627     0.265481     0.270058            0
6.00078      5.50186      8.99889     0.260904      14.2627     0.265481     0.270058            0
6.00078      5.49271      8.99889     0.270058      14.2627     0.265481     0.260904            0
6.00078      5.49271      8.99889     0.270058      14.2627     0.265481     0.270058            0
5.98705      5.49271      8.99889     0.270058      14.2627     0.265481     0.260904            0
5.98705      5.49271      8.99889     0.260904      14.2627     0.265481     0.260904            0
6.00078      5.49271      8.96685     0.270058      14.2627     0.265481     0.270058            0
5.98705      5.50186      8.99889     0.292944      14.2627     0.265481     0.270058            0
6.00078      5.50186      8.99889      0.41653      14.2627     0.265481     0.270058            0
6.00078      5.50186      8.99889      0.33414      14.2627     0.265481     0.260904            0
5.98705      5.49271      8.98973     0.260904      14.2627     0.265481     0.260904            0
5.98705      5.49271      8.98973     0.251749      14.2627     0.265481     0.260904            0
6.00078      5.50186      9.04008     0.260904      14.2627     0.265481     0.270058            0
5.98705      5.50186      8.99889     0.260904      14.2627     0.265481     0.260904            0
6.00078      5.49271      8.99889     0.260904      14.2627     0.265481     0.260904            0
6.00078      5.50186      9.03551     0.270058      14.2627     0.265481     0.260904            0
6.00078      5.49271      8.99889     0.270058      14.2627     0.265481     0.260904            0
6.00078      5.49271      8.99889     0.270058      14.2627     0.265481     0.270058            0
5.98705      5.49271      8.98973     0.260904      14.2627     0.265481     0.260904            0
6.00078      5.50186      8.99889     0.270058      14.2627     0.265481     0.270058            0
6.00078      5.50186      8.99889     0.260904      14.2627     0.265481     0.260904            0
6.00078      5.49271      8.99889     0.260904      14.2627     0.265481     0.260904            0
6.00078      5.49271      8.99889     0.270058      14.2627     0.265481     0.260904            0
6.00078      5.49271      8.99889     0.270058      14.2627     0.265481     0.270058            0
6.00078      5.49271      8.99889     0.260904      14.2627     0.265481     0.270058            0
6.00078      5.50186      8.99889     0.270058      14.2627     0.265481     0.260904            0
5.98705      5.49271      8.95769     0.270058      14.2627     0.265481     0.270058            0
5.98705      5.49271      8.98973     0.270058      14.2627     0.265481     0.270058            0
5.98705      5.49271      8.99889     0.260904      14.2627     0.265481     0.270058            0
6.00078      5.50186      8.99889     0.260904      14.2627     0.265481     0.270058            0
5.98705      5.50186      8.99889     0.270058      14.2627     0.265481     0.260904            0
6.00078      5.50186      8.99889     0.270058      14.2627     0.265481     0.260904            0
6.00078      5.50186      8.99889     0.270058      14.2627     0.265481     0.260904            0
5.98705      5.49271      8.99889     0.270058      14.2627     0.265481     0.270058            0
6.00078      5.50186      8.99889     0.270058      14.2627     0.265481     0.260904            0
6.00078      5.50186      9.03093     0.270058      14.2627     0.265481     0.270058            0
6.00078      5.50186      9.01262     0.260904      14.2627     0.265481     0.270058            0
6.00078      5.50186      8.99889     0.260904      14.2627     0.265481     0.260904            0
6.00078      5.50186      8.99889     0.260904      14.2627     0.265481     0.270058            0
6.00078      5.50186      8.99889     0.270058      14.2627     0.265481     0.270058            0
6.00078      5.50186      8.99889     0.260904      14.2627     0.265481     0.260904            0
6.00078      5.49271      8.99889     0.260904      14.2627     0.265481     0.270058            0
6.00078      5.50186      8.98973     0.260904      14.2627     0.265481     0.270058            0
5.98705      5.50186      8.99889     0.270058      14.2627     0.265481     0.260904            0
6.00078      5.49271      8.99889     0.260904      14.2627     0.265481     0.260904            0
6.00078      5.49271      8.99889     0.260904      14.2627     0.265481     0.260904            0
6.00078      5.49271      9.04466     0.260904      14.2627     0.265481     0.260904            0
5.98705      5.49271      8.99889     0.260904      14.2627     0.265481     0.260904            0
6.00078      5.49271      8.99889     0.260904      14.2627     0.265481     0.260904            0
6.00078      5.49271      8.98973     0.270058      14.2627     0.265481     0.270058            0
6.00078      5.49271      8.99889     0.270058      14.2627     0.265481     0.260904            0
6.00078      5.50186      8.98058     0.270058      14.2627     0.265481     0.260904            0
5.98705      5.50186      8.99889     0.270058      14.2627     0.265481     0.270058            0
6.00078      5.49271      8.99889     0.260904      14.2627     0.265481     0.270058            0
5.98705      5.50186      8.98973     0.260904      14.2627     0.265481     0.260904            0
5.98705      5.49271      9.02177     0.260904      14.2627     0.265481     0.270058            0
6.00078      5.49271      8.99889     0.270058      14.2627     0.265481     0.270058            0
6.00078      5.50186      8.99889     0.270058      14.2627     0.265481     0.270058            0
5.98705      5.50186      8.99889     0.270058      14.2627     0.265481     0.270058            0
5.98705      5.50186      8.99889     0.260904      14.2627     0.265481     0.260904            0
5.98705      5.50186      8.99889     0.270058      14.2627     0.265481     0.260904            0
5.98705      5.50186      8.99889     0.270058      14.2627     0.265481     0.270058            0
6.00078      5.50186      8.98973     0.260904      14.2627     0.265481     0.260904            0
6.00078      5.49271      8.99889     0.260904      14.2627     0.265481     0.270058            0
6.00078      5.49271      8.98973     0.270058      14.2627     0.265481     0.270058            0
5.98705      5.49271      8.99889     0.270058      14.2627     0.265481     0.260904            0
6.00078      5.49271      8.96227     0.270058      14.2627     0.265481     0.270058            0
6.00078      5.49271      8.99889     0.270058      14.2627     0.265481     0.260904            0
5.9779      5.50186      8.99889     0.270058      14.2627     0.265481     0.260904            0
6.00078      5.50186      8.99889     0.270058      14.2627     0.265481     0.260904            0
6.00078      5.49271      8.99889     0.270058      14.2627     0.265481     0.270058            0
5.98705      5.49271      8.99889     0.260904      14.2627     0.265481     0.270058            0
5.98705      5.49271      8.99889     0.260904      14.2627     0.265481     0.260904            0
5.98705      5.49271      8.99889     0.270058      14.2627     0.265481     0.270058            0
6.00078      5.49271      8.98973     0.260904      14.2627     0.265481     0.260904            0
6.00078      5.49271      8.99889     0.260904      14.2627     0.265481     0.260904            0
5.98705      5.50186      8.98973     0.270058      14.2627     0.265481     0.270058            0
% Making Code # 2 = [0.00  0.70  0.00  0.30]
6.00078      5.49271      9.01262     0.260904      4.45825     0.265481      10.3217            0
6.00078      5.50186      8.99889     0.260904      4.45825     0.265481      10.3217            0
6.00078      5.50186      8.99889     0.260904      4.45825     0.265481      10.3217            0
5.9779      5.49271      8.99889     0.260904      4.45825     0.265481      10.3217            0
6.00078      5.50186      9.01262     0.270058      4.45825     0.265481      10.3217            0
6.00078      5.49271      8.99889     0.270058      4.45825     0.265481      10.3126            0
6.00078      5.49271      8.99889     0.270058      4.45825     0.265481      10.3126            0
6.00078      5.50186      8.99889     0.270058      4.45825     0.265481      10.3217            0
6.00078      5.49271      8.99889     0.270058      4.45825     0.265481      10.3126            0
6.00078      5.49271      8.99889     0.260904      4.47198     0.265481      10.3126            0
5.98705      5.50186      8.99889     0.270058      4.45825     0.265481      10.3126            0
6.00078      5.50186      8.98973     0.260904      4.45825     0.265481      10.3126            0
5.98705      5.50186      8.99889     0.270058      4.45825     0.265481      10.3126            0
5.98705      5.50186      8.99889     0.260904      4.47198     0.265481      10.3126            0
6.00078      5.49271      8.99889     0.260904      4.47198     0.265481      10.3126            0
6.00078      5.50186      8.99889     0.260904      4.45825     0.265481      10.3217            0
6.00078      5.49271        8.976     0.270058      4.45825     0.265481      10.3126            0
6.00078      5.49271      8.98973     0.270058      4.47198     0.265481      10.3126            0
6.00078      5.49271      8.99889     0.260904      4.45825     0.265481      10.3217            0
5.98705      5.50186      8.98973     0.270058      4.45825     0.265481      10.3217            0
6.00078      5.49271      8.99889     0.260904      4.45825     0.265481      10.3126            0
6.00078      5.50186      8.99431     0.260904      4.45825     0.265481      10.3126            0
5.98705      5.50186      8.98058     0.270058      4.45825     0.265481      10.3126            0
6.00078      5.49271      8.99889     0.260904      4.45825     0.265481      10.3217            0
5.98705      5.50186      8.98058     0.260904      4.45825     0.265481      10.3126            0
6.00078      5.49271      8.99889     0.270058      4.45825     0.265481      10.3126            0
6.00078      5.50186      8.99889     0.260904      4.47198     0.265481      10.3126            0
6.00078      5.49271      9.06297     0.270058      4.45825     0.265481      10.3126            0
6.00078      5.50186      8.98058     0.270058      4.45825     0.265481      10.3126            0
6.00078      5.49271      8.98058     0.260904      4.45825     0.265481      10.3126            0
6.00078      5.50186      9.00804     0.260904      4.45825     0.265481      10.3217            0
6.00078      5.50186      8.99889     0.270058      4.45825     0.265481      10.3217            0
5.9779      5.50186        8.976     0.260904      4.45825     0.265481      10.3217            0
6.00078      5.50186      8.98973     0.270058      4.47198     0.265481      10.3126            0
6.00078      5.50186      8.99889     0.260904      4.45825     0.265481      10.3217            0
6.00078      5.49271      8.99889     0.260904      4.47198     0.265481      10.3217            0
5.98705      5.49271      8.98973     0.260904      4.47198     0.265481      10.3126            0
5.98705      5.50186        8.976     0.260904      4.47198     0.265481      10.3217            0
6.00078      5.49271      8.99889     0.270058      4.45825     0.265481      10.3126            0
6.00078      5.50186      8.99889     0.260904      4.47198     0.265481      10.3217            0
5.98705      5.49271      8.99889     0.260904      4.45825     0.265481      10.3217            0
6.00078      5.50186      8.99889     0.270058      4.47198     0.265481      10.3126            0
6.00078      5.50186      8.99889     0.270058      4.45825     0.265481      10.3217            0
6.00078      5.50186      9.04008     0.260904      4.47198     0.265481      10.3126            0
6.00078      5.49271      8.99889     0.260904      4.45825     0.265481      10.3217            0
6.00078      5.50186      8.99889     0.270058      4.45825     0.265481      10.3126            0
6.00078      5.49271      9.01262     0.270058      4.45825     0.265481      10.3217            0
6.00078      5.50186      8.99889     0.270058      4.45825     0.265481      10.3126            0
6.00078      5.49271      8.98973     0.270058      4.45825     0.265481      10.3217            0
6.00078      5.49271      8.99889     0.260904      4.45825     0.265481      10.3126            0
5.98705      5.50186      8.99889     0.270058      4.45825     0.265481      10.3126            0
5.98705      5.50186      8.99889     0.270058      4.45825     0.265481      10.3217            0
6.00078      5.49271      8.99889     0.270058      4.47198     0.265481      10.3126            0
6.00078      5.49271      8.99889     0.270058      4.45825     0.265481      10.3126            0
6.00078      5.50186      8.99889     0.270058      4.47198     0.265481      10.3126            0
6.00078      5.49271      8.99889     0.260904      4.45825     0.265481      10.3126            0
5.98705      5.50186      8.98973     0.260904      4.45825     0.265481      10.3126            0
6.00078      5.49271      8.99889     0.270058      4.47198     0.265481      10.3126            0
6.00078      5.50186      8.99889     0.260904      4.45825     0.265481      10.3126            0
6.00078      5.49271      8.99889     0.260904      4.45825     0.265481      10.3126            0
5.98705      5.49271      8.99889     0.260904      4.47198     0.265481      10.3217            0
6.00078      5.50186      8.99889     0.260904      4.45825     0.265481      10.3126            0
6.00078      5.49271      8.99889     0.270058      4.47198     0.265481      10.3126            0
6.00078      5.49271      9.02177     0.260904      4.45825     0.265481      10.3217            0
6.00078      5.49271      8.96685     0.260904      4.47198     0.265481      10.3217            0
5.98705      5.50186      8.99889     0.270058      4.45825     0.265481      10.3126            0
5.98705      5.50186      8.99889     0.260904      4.47198     0.265481      10.3217            0
6.00078      5.49271      8.99889     0.270058      4.47198     0.265481      10.3126            0
6.00078      5.49271      8.99889     0.260904      4.45825     0.265481      10.3217            0
5.98705      5.49271      9.00347     0.260904      4.45825     0.265481      10.3126            0
6.00078      5.50186      8.99889     0.270058      4.45825     0.265481      10.3126            0
5.98705      5.50186      8.99889     0.260904      4.45825     0.265481      10.3034            0
6.00078      5.50186      8.99889     0.270058      4.45825     0.265481      10.3126            0
6.00078      5.50186      9.01262     0.260904      4.45825     0.265481      10.3217            0
5.98705      5.50186      8.99889     0.270058      4.47198     0.265481      10.3217            0
5.98705      5.49271      9.03551     0.260904      4.45825     0.265481      10.3217            0
5.98705      5.50186      8.98973     0.260904      4.47198     0.265481      10.3126            0
5.98705      5.49271      8.99889     0.270058      4.47198     0.265481      10.3217            0
6.00078      5.49271      9.00804     0.260904      4.45825     0.265481      10.3217            0
6.00078      5.50186      9.01262     0.260904      4.47198     0.265481      10.3217            0
6.00078      5.50186      8.99889     0.260904      4.45825     0.265481      10.3217            0
5.98705      5.49271      8.99889     0.260904      4.45825     0.265481      10.3217            0
6.00078      5.49271        8.976     0.270058      4.45825     0.265481      10.3126            0
6.00078      5.49271      8.99889     0.270058      4.45825     0.265481      10.3217            0
6.00078      5.50186      9.01262     0.260904      4.45825     0.265481      10.3217            0
6.00078      5.49271      8.99889     0.260904      4.45825     0.265481      10.3126            0
6.00078      5.50186      8.98973     0.270058      4.47198     0.265481      10.3217            0
5.98705      5.49271      9.01262     0.260904      4.45825     0.265481      10.3217            0
6.00078      5.50186      8.99889     0.260904      4.45825     0.265481      10.3126            0
6.00078      5.50186      8.96227     0.260904      4.47198     0.265481      10.3126            0
6.00078      5.50186      8.99889     0.270058      4.45825     0.265481      10.3126            0
6.00078      5.50186      8.99889     0.270058      4.45825     0.265481      10.3217            0
6.00078      5.49271        8.976     0.260904      4.45825     0.265481      10.3126            0
6.00078      5.50186      8.99889     0.270058      4.45825     0.265481      10.3126            0
6.00078      5.49271      8.99889     0.270058      4.45825     0.265481      10.3126            0
6.00078      5.50186      8.99889     0.270058      4.45825     0.265481      10.3126            0
5.98705      5.49271      8.99889     0.260904      4.45825     0.265481      10.3126            0
6.00078      5.49271      8.99889     0.260904      4.45825     0.265481      10.3217            0
5.98705      5.49271      8.99889     0.270058      4.45825     0.265481      10.3126            0
5.98705      5.50186      8.98973     0.270058      4.45825     0.265481      10.3217            0
6.00078      5.50186      8.99889     0.270058      4.45825     0.265481      10.3126            0
6.00078      5.49271      8.98058     0.270058      4.45825     0.265481      10.3126            0
5.98705      5.50186      8.99889     0.270058      4.45825     0.265481      10.3217            0
6.00994      5.49271      8.98973     0.270058      4.47198     0.265481      10.3126            0
% Making Code # 3 = [0.70  0.00  0.00  0.30]
6.00078      5.49271      9.01262     0.260904      4.47198      11.0403     0.251749            0
6.00078      5.50186      8.98973     0.270058      4.47198      11.0403     0.251749            0
6.00078      5.49271      8.99889     0.270058      4.47198      11.0312     0.260904            0
5.98705      5.49271      8.99889     0.270058      4.45825      11.0403     0.260904            0
6.00078      5.49271      8.99889     0.260904      4.45825      11.0403     0.260904            0
6.00078      5.49271      8.99889     0.260904      4.47198      11.0403     0.260904            0
6.00078      5.50186      8.98973     0.260904      4.45825      11.0403     0.260904            0
6.00078      5.49271      8.99889     0.260904      4.45825      11.0312     0.260904            0
6.00078      5.50186      8.99889     0.260904      4.47198      11.0403     0.260904            0
6.00078      5.49271      8.99889     0.270058      4.45825      11.0312     0.260904            0
5.98705      5.50186      8.99889     0.260904      4.47198      11.0403     0.260904            0
6.00078      5.49271      8.99889     0.260904      4.45825      11.0403     0.270058            0
6.00078      5.50186      8.99889     0.260904      4.45825      11.0312     0.260904            0
5.98705      5.50186      8.99889     0.270058      4.45825      11.0312     0.260904            0
6.00078      5.50186      8.99889     0.260904      4.45825      11.0312     0.270058            0
5.98705      5.49271      8.99889     0.270058      4.45825      11.0312     0.260904            0
6.00078      5.49271      8.99889     0.260904      4.45825      11.0403     0.270058            0
5.98705      5.49271      8.99889     0.270058      4.45825      11.0312     0.260904            0
6.00078      5.50186      8.98973     0.260904      4.45825      11.0403     0.270058            0
6.00078      5.49271      8.99889     0.260904      4.45825      11.0403     0.270058            0
6.00078      5.50186        8.976     0.270058      4.45825      11.0312     0.270058            0
5.98705      5.50186        8.976     0.260904      4.47198      11.0312     0.270058            0
5.98705      5.49271      9.01262     0.260904      4.47198      11.0403     0.270058            0
5.98705      5.49271      8.99889     0.260904      4.45825      11.0403     0.270058            0
6.00078      5.50186      9.01262     0.260904      4.45825      11.0312     0.260904            0
6.00078      5.50186      8.99889     0.260904      4.45825      11.0312     0.260904            0
6.00078      5.49271      8.99889     0.260904      4.47198      11.0312     0.260904            0
6.00078      5.50186      9.03093     0.270058      4.45825      11.0403     0.270058            0
6.00078      5.49271      8.99889     0.260904      4.45825      11.0403     0.260904            0
5.98705      5.49271      8.99889     0.270058      4.45825      11.0312     0.260904            0
6.00078      5.49271      8.99889     0.260904      4.45825      11.0312     0.270058            0
6.00078      5.50186      9.01262     0.260904      4.45825      11.0403     0.270058            0
6.00078      5.49271      8.99889     0.270058      4.45825      11.0312     0.260904            0
6.00078      5.50186      9.01262     0.260904      4.45825      11.0403     0.270058            0
5.98705      5.50186      8.99889     0.270058      4.45825      11.0312     0.260904            0
6.00078      5.50186        8.976     0.260904      4.45825      11.0403     0.270058            0
6.00078      5.50186      9.01262     0.260904      4.47198      11.0312     0.260904            0
5.98705      5.49271      9.04924     0.270058      4.45825      11.0403     0.260904            0
6.00078      5.50186      8.99889     0.260904      4.45825      11.0312     0.270058            0
6.00078      5.50186      8.99889     0.270058      4.45825      11.0403     0.260904            0
5.98705      5.50186        8.976     0.260904      4.45825      11.0403     0.270058            0
6.00078      5.49271      8.99889     0.270058      4.45825      11.0312     0.260904            0
5.98705      5.50186      8.99889     0.260904      4.45825      11.0403     0.270058            0
5.98705      5.49271      8.99889     0.260904      4.45825      11.0403     0.260904            0
6.00078      5.49271        8.976     0.260904      4.45825      11.0312     0.270058            0
5.98705      5.50186      8.99889     0.270058      4.47198      11.0403     0.260904            0
5.98705      5.49271      8.99889     0.260904      4.45825      11.0312     0.260904            0
6.00078      5.49271      8.98973     0.260904      4.47198      11.0403     0.260904            0
5.98705      5.50186      8.99889     0.270058      4.45825      11.0403     0.260904            0
5.98705      5.49271      9.04466     0.260904      4.45825      11.0403     0.270058            0
5.98705      5.50186      8.99889     0.260904      4.47198      11.0312     0.260904            0
6.00078      5.50186      8.99889     0.270058      4.47198      11.0312     0.270058            0
6.00078      5.50186      9.02177     0.270058      4.47198      11.0403     0.270058            0
6.00078      5.49271      8.99889     0.260904      4.45825      11.0403     0.270058            0
6.00078      5.50186        8.976     0.260904      4.45825      11.0403     0.270058            0
5.98705      5.49271      8.99889     0.260904      4.45825      11.0403     0.270058            0
6.00078      5.50186      8.99889     0.260904      4.45825      11.0312     0.260904            0
6.00078      5.50186      8.98973     0.260904      4.47198      11.0403     0.260904            0
5.98705      5.50186      8.99889     0.260904      4.45825      11.0403     0.260904            0
5.98705      5.50186      9.00347     0.270058      4.45825      11.0403     0.260904            0
6.00078      5.49271      8.99889     0.270058      4.47198      11.0312     0.260904            0
6.00078      5.49271      8.99889     0.260904      4.45825      11.0312     0.260904            0
6.00078      5.50186      8.99889     0.260904      4.45825      11.0403     0.260904            0
6.00078      5.50186        8.976     0.260904      4.45825      11.0403     0.270058            0
6.00078      5.50186      8.99889     0.260904      4.45825      11.0312     0.260904            0
5.9779      5.50186      8.99889     0.270058      4.47198      11.0312     0.270058            0
5.98705      5.49271      8.99889     0.270058      4.45825      11.0403     0.270058            0
6.00078      5.49271      8.99889     0.260904      4.47198      11.0403     0.270058            0
6.00078      5.49271      8.99889     0.270058      4.45825      11.0403     0.260904            0
6.00078      5.49271      8.99889     0.260904      4.47198      11.0312     0.260904            0
6.00078      5.50186      8.99889     0.270058      4.47198      11.0403     0.260904            0
6.00078      5.49271        8.976     0.260904      4.47198      11.0403     0.260904            0
6.00078      5.49271      8.98973     0.270058      4.45825      11.0403     0.270058            0
6.00078      5.49271      8.98973     0.260904      4.47198      11.0312     0.260904            0
5.98705      5.49271      8.99889     0.260904      4.47198      11.0403     0.260904            0
5.98705      5.49271      8.99889     0.260904      4.47198      11.0312     0.260904            0
6.00078      5.50186        8.976     0.270058      4.47198      11.0403     0.270058            0
6.00078      5.49271      8.99889     0.260904      4.47198      11.0312     0.270058            0
6.00078      5.50186      8.99889     0.260904      4.47198      11.0312     0.270058            0
5.98705      5.50186        8.976     0.270058      4.45825      11.0312     0.270058            0
6.00078      5.50186      8.99889     0.260904      4.45825      11.0403     0.270058            0
6.00078      5.49271      8.99889     0.270058      4.47198      11.0403     0.270058            0
6.00078      5.50186      9.04466     0.270058      4.45825      11.0312     0.260904            0
6.00078      5.49271      9.02177     0.260904      4.45825      11.0312     0.270058            0
6.00078      5.49271      8.99889     0.270058      4.45825      11.0312     0.260904            0
6.00078      5.49271      9.01262     0.260904      4.47198      11.0312     0.270058            0
6.00078      5.49271      8.99889     0.270058      4.47198      11.0403     0.260904            0
6.00078      5.49271      8.99889     0.260904      4.45825      11.0312     0.260904            0
6.00994      5.50186      8.99889     0.260904      4.45825      11.0312     0.270058            0
6.00078      5.49271      8.99889     0.270058      4.45825      11.0312     0.260904            0
6.00078      5.49271      8.99889     0.260904      4.47198      11.0403     0.260904            0
5.98705      5.50186      9.02177     0.270058      4.45825      11.0403     0.260904            0
5.98705      5.49271        8.976     0.260904      4.45825      11.0403     0.270058            0
6.00078      5.49271      8.99889     0.260904      4.45825      11.0403     0.270058            0
6.00078      5.50186      8.99889     0.260904      4.45825      11.0312     0.270058            0
5.98705      5.49271      9.01262     0.270058      4.45825      11.0312     0.270058            0
6.00078      5.50186      9.04466     0.270058      4.45825      11.0312     0.260904            0
5.98705      5.50186      8.99889     0.260904      4.45825      11.0312     0.270058            0
5.98705      5.50186      8.99889     0.260904      4.45825      11.0403     0.270058            0
6.00078      5.49271      8.99889     0.260904      4.45825      11.0403     0.270058            0
6.00078      5.50186      8.99889     0.260904      4.45825      11.0403     0.260904            0
6.00078      5.49271      8.99889     0.260904      4.45825      11.0312     0.260904            0
6.00078      5.50186      8.99889     0.260904      4.47198      11.0403     0.270058            0
6.00078      5.50186      8.99889     0.260904      4.45825      11.0312     0.270058            0
