30-Jul-2014 17:23:55
D:\Secondlife-32\Matlab\BeadSynthesizerV3.0\Scripts\PressureLog_20140730-02.txt
% Making Code # 1 = [0.00  0.00  0.00  0.00]
0.823906      5.50644      8.94854     0.732361      14.7388     0.865102     0.732361            0
0.714052      5.49729      8.98516     0.723207      14.7388      0.70032     0.723207            0
0.736938      5.49729      9.03551     0.732361       14.725      0.75067     0.723207            0
0.736938      5.49729      8.99889     0.732361      14.7388     0.732361     0.732361            0
0.736938      5.50644      8.99889     0.732361      14.7388     0.718629     0.732361            0
0.727784      5.49729      8.99889     0.723207      14.7388     0.732361     0.732361            0
0.714052      5.49729      9.05382     0.732361       14.725     0.727784     0.723207            0
0.727784      5.49729      8.99889     0.732361       14.725     0.732361     0.732361            0
0.727784      5.49729      8.99889     0.732361      14.7388     0.732361     0.723207            0
0.727784      5.49729      9.00804     0.732361      14.7388     0.727784     0.732361            0
0.727784      5.50644      8.99889     0.732361      14.7388     0.727784     0.732361            0
0.727784      5.50644      8.99889     0.732361      14.7388     0.732361     0.732361            0
0.727784      5.49729      8.99431     0.732361      14.7388     0.732361     0.732361            0
0.736938      5.49729      8.99889     0.732361      14.7388     0.732361     0.732361            0
0.736938      5.49729        8.976     0.732361      14.7388     0.732361     0.732361            0
0.736938      5.49729      8.98516     0.732361       14.725     0.732361     0.723207            0
0.736938      5.49729        8.976     0.732361      14.7388     0.732361     0.732361            0
0.736938      5.49729      9.04924     0.732361       14.725     0.732361     0.732361            0
0.736938      5.49729      8.99889     0.732361      14.7388     0.732361     0.732361            0
0.736938      5.49729      9.00804     0.732361       14.725     0.732361     0.732361            0
0.727784      5.49729      9.01262     0.732361       14.725     0.732361     0.732361            0
0.727784      5.49729      8.99889     0.732361       14.725     0.732361     0.732361            0
0.736938      5.50186      8.99889     0.732361       14.725     0.732361     0.732361            0
0.736938      5.49271      8.99889     0.732361      14.7388     0.732361     0.732361            0
0.736938      5.49729      9.01262     0.732361      14.7388     0.732361     0.732361            0
0.736938      5.50644      8.99889     0.732361      14.7388     0.732361     0.732361            0
0.736938      5.49729      8.97142     0.732361      14.7388     0.732361     0.732361            0
0.736938      5.49729      8.99889     0.732361      14.7388     0.732361     0.732361            0
0.736938      5.49271      8.99889     0.732361      14.7388     0.732361     0.732361            0
0.736938      5.49729      8.99889     0.732361      14.7388     0.732361     0.732361            0
0.736938      5.49729      8.99889     0.732361      14.7388     0.732361     0.732361            0
0.736938      5.49729      8.99889     0.732361      14.7388     0.732361     0.732361            0
0.736938      5.49729      9.03551     0.732361      14.7388     0.732361     0.732361            0
0.727784      5.49729      8.99431     0.732361       14.725     0.732361     0.732361            0
0.727784      5.49729      8.99889     0.732361       14.725     0.732361     0.732361            0
0.736938      5.49729      8.99889     0.732361      14.7388     0.732361     0.732361            0
0.727784      5.49729      8.99889     0.732361      14.7388     0.732361     0.732361            0
0.746093      5.49729      9.01262     0.732361       14.725     0.732361     0.732361            0
0.727784      5.49729      9.02635     0.732361       14.725     0.732361     0.732361            0
0.727784      5.50644      8.99889     0.732361      14.7388     0.732361     0.732361            0
0.746093      5.49729        8.976     0.732361      14.7388     0.732361     0.732361            0
0.736938      5.49729      9.04008     0.732361      14.7388     0.732361     0.732361            0
0.727784      5.49729      8.99889     0.732361       14.725     0.732361     0.732361            0
0.727784      5.49729      8.99889     0.732361       14.725     0.732361     0.732361            0
0.736938      5.49271      8.99889     0.732361      14.7388     0.732361     0.732361            0
0.727784      5.49729      8.99889     0.732361      14.7388     0.732361     0.732361            0
0.746093      5.49729      9.03551     0.732361       14.725     0.732361     0.732361            0
0.736938      5.49729      8.99889     0.732361       14.725     0.732361     0.732361            0
0.736938      5.49729      8.99889     0.732361      14.7388     0.732361     0.732361            0
0.727784      5.49729      9.00804     0.732361      14.7388     0.732361     0.732361            0
0.736938      5.50644      8.99889     0.732361      14.7388     0.732361     0.732361            0
0.736938      5.49729      8.99889     0.732361       14.725     0.732361     0.732361            0
0.727784      5.49729      8.99889     0.732361      14.7388     0.732361     0.732361            0
0.727784      5.49729      9.02177     0.732361      14.7388     0.732361     0.732361            0
0.727784      5.49729      9.00804     0.732361       14.725     0.732361     0.732361            0
0.727784      5.49271      8.98516     0.732361      14.7388     0.732361     0.732361            0
0.727784      5.49271      8.98516     0.732361      14.7388     0.732361     0.732361            0
0.736938      5.49729      8.98516     0.732361       14.725     0.732361     0.732361            0
0.736938      5.49271      9.00804     0.732361      14.7388     0.732361     0.732361            0
0.736938      5.49729      9.02177     0.732361      14.7388     0.732361     0.732361            0
0.736938      5.49729      9.00804     0.732361      14.7388     0.732361     0.732361            0
0.727784      5.49729      8.98516     0.732361       14.725     0.732361     0.732361            0
0.736938      5.49729      8.99889     0.732361      14.7388     0.732361     0.732361            0
0.727784      5.49729      8.98516     0.732361      14.7388     0.732361     0.732361            0
0.736938      5.49729      8.99889     0.732361       14.725     0.732361     0.741516            0
0.727784      5.49729      9.02177     0.732361      14.7388     0.732361     0.732361            0
0.727784      5.49729      8.98516     0.732361      14.7388     0.732361     0.732361            0
0.727784      5.49729      9.00804     0.732361      14.7388     0.732361     0.732361            0
0.727784      5.49729      8.99889     0.732361      14.7388     0.732361     0.732361            0
0.736938      5.49729      8.99889     0.732361       14.725     0.732361     0.732361            0
0.727784      5.49729      8.99889     0.732361      14.7388     0.732361     0.732361            0
0.727784      5.49729      8.99889     0.732361       14.725     0.732361     0.732361            0
0.727784      5.49729      8.99889     0.732361       14.725     0.732361     0.732361            0
0.736938      5.49729      8.98516     0.732361      14.7388     0.732361     0.732361            0
0.727784      5.49729      8.99889     0.732361       14.725     0.732361     0.732361            0
0.727784      5.49729      8.99889     0.732361       14.725     0.732361     0.732361            0
0.727784      5.49729      8.99889     0.732361      14.7388     0.732361     0.732361            0
0.736938      5.49729      9.00804     0.732361      14.7388     0.732361     0.732361            0
0.736938      5.49729      9.00804     0.732361       14.725     0.732361     0.732361            0
0.727784      5.49729      8.98516     0.732361      14.7388     0.732361     0.732361            0
0.736938      5.50644      9.03551     0.732361       14.725     0.732361     0.732361            0
0.727784      5.49729      8.99889     0.732361      14.7388     0.732361     0.732361            0
0.736938      5.49271      8.99889     0.732361       14.725     0.732361     0.732361            0
0.736938      5.49729        8.976     0.732361      14.7388     0.732361     0.732361            0
0.736938      5.49271      8.99889     0.732361      14.7388     0.732361     0.732361            0
0.736938      5.49271      8.99431     0.732361       14.725     0.732361     0.732361            0
0.727784      5.49729      8.98516     0.732361      14.7388     0.732361     0.732361            0
0.736938      5.49729      9.00804     0.732361       14.725     0.732361     0.732361            0
0.727784      5.49729        8.976     0.732361       14.725     0.732361     0.732361            0
0.727784      5.49729      9.01262     0.732361      14.7388     0.732361     0.732361            0
0.727784      5.49729      8.99889     0.732361      14.7388     0.732361     0.732361            0
0.727784      5.49729      8.98516     0.732361       14.725     0.732361     0.732361            0
0.736938      5.49729      8.98516     0.732361      14.7388     0.732361     0.732361            0
0.727784      5.49271      9.00804     0.732361      14.7388     0.732361     0.732361            0
0.727784      5.49729      8.99889     0.732361      14.7388     0.732361     0.732361            0
0.736938      5.49729      8.98516     0.732361      14.7388     0.732361     0.732361            0
% Making Code # 2 = [0.00  0.00  0.05  0.00]
0.736938      5.50186      9.02177      1.43268      14.0476     0.732361     0.732361            0
0.736938      5.49729      9.01262      1.44641      14.0476     0.732361     0.732361            0
0.727784      5.49271      8.98516      1.44641      14.0476     0.732361     0.732361            0
0.727784      5.49271      8.99889      1.44641      14.0476     0.732361     0.732361            0
0.727784      5.49271      8.98516      1.44641      14.0476     0.732361     0.732361            0
0.727784      5.49271      8.99889      1.44641      14.0476     0.732361     0.732361            0
0.736938      5.49729      8.99889      1.43726      14.0476     0.732361     0.732361            0
0.736938      5.50186      9.04924      1.43268      14.0476     0.732361     0.732361            0
0.727784      5.50186      8.99889      1.44641      14.0476     0.732361     0.732361            0
0.727784      5.49729      9.02177      1.43726      14.0613     0.732361     0.732361            0
0.736938      5.50186      8.99889      1.43268      14.0476     0.732361     0.732361            0
0.727784      5.49271      8.99889      1.43268      14.0476     0.732361     0.732361            0
0.736938      5.49271      8.99889      1.43726      14.0476     0.732361     0.732361            0
0.727784      5.49271      9.02635      1.43726      14.0476     0.732361     0.732361            0
0.727784      5.49271      8.99889      1.43268      14.0476     0.732361     0.732361            0
0.736938      5.50186      8.96227      1.44641      14.0476     0.732361     0.732361            0
0.727784      5.49271      8.99889      1.43726      14.0476     0.732361     0.732361            0
0.736938      5.50186      8.99889      1.44641      14.0613     0.732361     0.732361            0
0.727784      5.49271        8.976      1.43726      14.0613     0.732361     0.732361            0
0.736938      5.50186      8.99889      1.43726      14.0476     0.732361     0.732361            0
0.736938      5.49729      8.99889      1.43726      14.0476     0.732361     0.732361            0
0.727784      5.50186      8.98516      1.43268      14.0476     0.732361     0.732361            0
0.727784      5.50186      8.99889      1.44641      14.0476     0.732361     0.732361            0
0.736938      5.49271      8.99889      1.44641      14.0476     0.732361     0.732361            0
0.736938      5.50186      9.02177      1.43726      14.0476     0.732361     0.732361            0
0.736938      5.50186      8.99889      1.43726      14.0613     0.732361     0.732361            0
0.727784      5.49271      9.03093      1.44641      14.0476     0.732361     0.732361            0
0.727784      5.50186      8.99889      1.43726      14.0476     0.732361     0.732361            0
0.736938      5.50186        8.976      1.44641      14.0613     0.732361     0.732361            0
0.736938      5.49271      8.99889      1.44641      14.0613     0.732361     0.741516            0
0.736938      5.49271      8.98516      1.44641      14.0476     0.732361     0.732361            0
0.727784      5.49271      8.99889      1.43268      14.0613     0.732361     0.732361            0
0.736938      5.50186      8.99889      1.44641      14.0476     0.732361     0.732361            0
0.727784      5.50644      8.99889      1.43726      14.0476     0.732361     0.732361            0
0.736938      5.50644      8.99889      1.43726      14.0476     0.732361     0.732361            0
0.727784      5.49271      8.99889      1.44641      14.0613     0.732361     0.732361            0
0.746093      5.49271      8.98516      1.44641      14.0613     0.732361     0.732361            0
0.736938      5.49271      9.03551      1.43726      14.0476     0.732361     0.732361            0
0.736938      5.49271      8.99889      1.43268      14.0613     0.732361     0.732361            0
0.736938      5.49271      8.99889      1.44641      14.0476     0.732361     0.732361            0
0.736938      5.50186      8.98516      1.44641      14.0476     0.732361     0.732361            0
0.746093      5.49271      8.99889      1.43726      14.0476     0.732361     0.732361            0
0.727784      5.49271      8.98516      1.44641      14.0476     0.732361     0.732361            0
0.727784      5.49271      9.00804      1.44641      14.0476     0.732361     0.732361            0
0.746093      5.50186      9.02635      1.43268      14.0476     0.732361     0.732361            0
0.727784      5.50186      8.99889      1.44641      14.0613     0.732361     0.732361            0
0.736938      5.49271      9.02635      1.43268      14.0476     0.732361     0.732361            0
0.727784      5.50186      8.99889      1.44641      14.0476     0.732361     0.732361            0
0.727784      5.49271      8.98516      1.43726      14.0476     0.732361     0.732361            0
0.736938      5.50186      8.99889      1.44641      14.0613     0.732361     0.732361            0
0.727784      5.49271      8.99889      1.44641      14.0476     0.732361     0.732361            0
0.736938      5.50186      8.99889      1.44641      14.0476     0.732361     0.732361            0
0.727784      5.49271      8.99889      1.43726      14.0476     0.732361     0.732361            0
0.727784      5.49271      8.99889      1.44641      14.0476     0.732361     0.732361            0
0.727784      5.50186      8.99889      1.44641      14.0476     0.732361     0.732361            0
0.727784      5.50186      8.99889      1.43726      14.0476     0.732361     0.732361            0
0.736938      5.49271      8.99889      1.44641      14.0613     0.732361     0.732361            0
0.736938      5.50186      8.99889      1.44641      14.0476     0.732361     0.732361            0
0.736938      5.50186      9.00804      1.43268      14.0476     0.732361     0.732361            0
0.727784      5.50186      9.00804      1.44641      14.0476     0.732361     0.741516            0
0.727784      5.50186      8.99889      1.44641      14.0476     0.732361     0.732361            0
0.736938      5.49271      8.99889      1.44641      14.0476     0.732361     0.732361            0
0.727784      5.49271      8.99889      1.44641      14.0613     0.732361     0.732361            0
0.736938      5.50186      8.99889      1.44641      14.0613     0.732361     0.732361            0
0.736938      5.49271      8.98516      1.43268      14.0613     0.732361     0.732361            0
0.736938      5.50186      8.98516      1.44641      14.0613     0.732361     0.732361            0
0.736938      5.49271      9.00804      1.43268      14.0613     0.732361     0.732361            0
0.736938      5.50186      9.00804      1.44641      14.0613     0.732361     0.732361            0
0.727784      5.50186      8.99889      1.43268      14.0476     0.732361     0.732361            0
0.736938      5.50186      8.99889      1.43268      14.0613     0.732361     0.732361            0
0.736938      5.50186      8.99889      1.44641      14.0613     0.732361     0.732361            0
0.727784      5.49271      8.99889      1.43268      14.0613     0.732361     0.732361            0
0.736938      5.50186      8.99889      1.44641      14.0613     0.732361     0.732361            0
0.727784      5.50186      9.02177      1.44641      14.0476     0.732361     0.732361            0
0.746093      5.50186      8.99889      1.44641      14.0476     0.732361     0.732361            0
0.736938      5.49271      8.99889      1.44641      14.0476     0.732361     0.732361            0
0.727784      5.49271      8.99889      1.44641      14.0613     0.732361     0.732361            0
0.727784      5.49271      8.99889      1.43268      14.0613     0.732361     0.732361            0
0.736938      5.49271      8.99889      1.44641      14.0476     0.732361     0.732361            0
0.746093      5.49271       9.0172      1.43268      14.0476     0.732361     0.732361            0
0.736938      5.49271      8.99889      1.43726      14.0476     0.732361     0.732361            0
0.727784      5.50186      9.05382      1.44641      14.0613     0.732361     0.732361            0
0.746093      5.49271      9.02635      1.44641      14.0476     0.732361     0.732361            0
0.727784      5.50186      8.99889      1.44641      14.0476     0.732361     0.732361            0
0.736938      5.50186      8.98516      1.44641      14.0613     0.732361     0.732361            0
0.727784      5.50186      8.98058      1.44641      14.0613     0.732361     0.732361            0
0.727784      5.50186        8.976      1.44641      14.0613     0.732361     0.732361            0
0.727784      5.50186      8.99889      1.44641      14.0613     0.732361     0.732361            0
0.736938      5.49271      8.99889      1.44641      14.0476     0.732361     0.732361            0
0.727784      5.50186      8.98516      1.43726      14.0476     0.732361     0.732361            0
0.727784      5.50186      9.00804      1.43268      14.0476     0.732361     0.732361            0
0.727784      5.50186      8.99889      1.44641      14.0613     0.732361     0.732361            0
0.727784      5.50186      9.01262      1.43726      14.0613     0.732361     0.732361            0
0.727784      5.49271      9.00804      1.44641      14.0476     0.732361     0.732361            0
0.727784      5.50186      8.99889      1.44641      14.0613     0.732361     0.732361            0
0.727784      5.49271      8.99889      1.43726      14.0613     0.732361     0.732361            0
% Making Code # 3 = [0.00  0.00  0.15  0.00]
0.727784      5.49271      8.99889      2.88825       12.647     0.732361     0.732361            0
0.727784      5.50186      9.00804      2.88825       12.647     0.732361     0.732361            0
0.727784      5.50186      8.99889      2.88825      12.6607     0.732361     0.732361            0
0.746093      5.49271      8.99889      2.88825       12.647     0.732361     0.732361            0
0.746093      5.50186      8.98516      2.89283       12.647     0.732361     0.732361            0
0.727784      5.50186      8.99889      2.88825      12.6607     0.732361     0.732361            0
0.736938      5.49271      8.99889      2.88825      12.6607     0.732361     0.732361            0
0.727784      5.49271      8.99889      2.88825      12.6607     0.732361     0.732361            0
0.727784      5.50186      8.99889       2.8791       12.647     0.732361     0.732361            0
0.727784      5.49271      8.99889      2.88825      12.6607     0.732361     0.732361            0
0.727784      5.49271      9.00804       2.8791      12.6607     0.732361     0.732361            0
0.727784      5.49271      8.98058      2.88825       12.647     0.732361     0.732361            0
0.727784      5.49271      8.99889      2.88825       12.647     0.732361     0.732361            0
0.727784      5.49271      8.99889      2.88825       12.647     0.732361     0.732361            0
0.746093      5.50186      8.99889      2.88825      12.6607     0.732361     0.732361            0
0.736938      5.50186      8.99889      2.88825      12.6607     0.732361     0.732361            0
0.727784      5.50186      8.99889      2.88825       12.647     0.732361     0.732361            0
0.736938      5.50186      9.01262      2.88825       12.647     0.732361     0.732361            0
0.727784      5.50186      8.99889      2.88825      12.6607     0.732361     0.732361            0
0.736938      5.50186      8.99889      2.88825       12.647     0.732361     0.732361            0
0.727784      5.49271      8.98516      2.88825       12.647     0.732361     0.732361            0
0.727784      5.50186      8.99889      2.88825      12.6515     0.732361     0.732361            0
0.736938      5.49271      8.99431       2.8974       12.647     0.732361     0.732361            0
0.736938      5.49271      8.99889      2.88825       12.647     0.732361     0.732361            0
0.736938      5.50186      8.99889      2.88825       12.647     0.732361     0.732361            0
0.727784      5.50186        8.976      2.88825       12.647     0.732361     0.732361            0
0.736938      5.50186      8.96227      2.88825      12.6607     0.732361     0.732361            0
0.736938      5.50186      8.99889       2.8974      12.6607     0.732361     0.732361            0
0.746093      5.50186      8.99889      2.88825       12.647     0.732361     0.732361            0
0.727784      5.49271      8.99889      2.88825       12.647     0.732361     0.732361            0
0.727784      5.50186      8.99889      2.88825       12.647     0.732361     0.732361            0
0.736938      5.49271      8.99889      2.88825       12.647     0.732361     0.732361            0
0.727784      5.49271      8.99889      2.88825       12.647     0.732361     0.732361            0
0.736938      5.50186        8.976      2.88825       12.647     0.732361     0.732361            0
0.736938      5.49271      8.99889      2.88825      12.6607     0.732361     0.732361            0
0.736938      5.50186        8.976       2.8791       12.647     0.732361     0.732361            0
0.727784      5.49271        8.976      2.88825      12.6607     0.732361     0.732361            0
0.727784      5.50186       9.0172       2.8791      12.6607     0.732361     0.732361            0
0.727784      5.50186      9.00347      2.88825       12.647     0.732361     0.732361            0
0.736938      5.50186      8.99889      2.88825      12.6607     0.732361     0.732361            0
0.727784      5.50186      8.99431      2.88825      12.6607     0.732361     0.732361            0
0.727784      5.49271      8.99889      2.88825       12.647     0.732361     0.732361            0
0.727784      5.50186      8.98516      2.88825       12.647     0.732361     0.732361            0
0.736938      5.50186      9.03551       2.8791      12.6607     0.732361     0.732361            0
0.727784      5.49271      8.99889      2.88825      12.6515     0.732361     0.732361            0
0.746093      5.50186      8.98516      2.90198       12.647     0.732361     0.732361            0
0.746093      5.50186      8.99889      2.88825       12.647     0.732361     0.732361            0
0.727784      5.50186      8.99889      2.88825      12.6607     0.732361     0.732361            0
0.736938      5.50186      9.02177      2.88825      12.6607     0.732361     0.732361            0
0.736938      5.49271      8.99889       2.8791       12.647     0.732361     0.732361            0
0.736938      5.49271      9.00804      2.88825      12.6515     0.732361     0.732361            0
0.736938      5.50186      8.99889      2.88825      12.6378     0.732361     0.732361            0
0.736938      5.49271      8.99889      2.88825       12.647     0.732361     0.732361            0
0.727784      5.50186      8.99889      2.88825       12.647     0.741516     0.732361            0
0.736938      5.49271      8.99889      2.88825      12.6515     0.732361     0.732361            0
0.736938      5.49271      9.03551      2.88825      12.6607     0.732361     0.732361            0
0.727784      5.49271      9.00804      2.88825      12.6378     0.732361     0.732361            0
0.727784      5.49271      8.96227      2.88825      12.6607     0.732361     0.732361            0
0.736938      5.49271      8.99889      2.88825      12.6515     0.732361     0.732361            0
0.736938      5.49271      8.99431      2.88825       12.647     0.732361     0.732361            0
0.727784      5.49271      9.00804      2.88825      12.6607     0.732361     0.732361            0
0.727784      5.49271      8.96227      2.88825      12.6607     0.732361     0.732361            0
0.736938      5.50186      8.99889      2.88825      12.6378     0.732361     0.732361            0
0.727784      5.50186      8.99889      2.88825      12.6607     0.732361     0.732361            0
0.727784      5.49271      8.98516      2.88825       12.647     0.732361     0.732361            0
0.727784      5.50186      9.00804       2.8974      12.6607     0.732361     0.732361            0
0.736938      5.50186      8.99889      2.88825       12.647     0.732361     0.732361            0
0.736938      5.50186        8.976      2.88825      12.6515     0.732361     0.732361            0
0.736938      5.50186      9.00804      2.88825      12.6515     0.732361     0.732361            0
0.727784      5.49271      8.98516       2.8974      12.6607     0.732361     0.732361            0
0.727784      5.49271      9.03093      2.88825      12.6378     0.732361     0.732361            0
0.727784      5.50186      8.99889      2.88825      12.6515     0.732361     0.732361            0
0.727784      5.49271      8.99889      2.88825      12.6515     0.732361     0.732361            0
0.727784      5.49271      8.99889       2.8791      12.6607     0.732361     0.732361            0
0.727784      5.49271      9.04008      2.88825      12.6607     0.732361     0.732361            0
0.736938      5.50186      8.99889      2.88825       12.647     0.732361     0.732361            0
0.736938      5.50186      8.99889       2.8791      12.6378     0.732361     0.732361            0
0.736938      5.49271      9.03093      2.88825      12.6607     0.732361     0.732361            0
0.736938      5.50186      8.99889      2.88825      12.6378     0.732361     0.732361            0
0.736938      5.49271      9.03551      2.88825      12.6515     0.732361     0.732361            0
0.736938      5.50186      8.99889      2.88825       12.647     0.732361     0.732361            0
0.736938      5.50186      9.02635      2.88825      12.6515     0.732361     0.732361            0
0.727784      5.49271      9.00804      2.88825      12.6515     0.732361     0.732361            0
0.727784      5.50186      8.99889       2.8974      12.6607     0.732361     0.732361            0
0.727784      5.49271      8.99889      2.88825      12.6515     0.732361     0.732361            0
0.727784      5.49271      8.96227      2.88825      12.6607     0.732361     0.732361            0
0.736938      5.49271      8.98516      2.88825      12.6607     0.732361     0.732361            0
0.727784      5.49271      8.98516      2.88825      12.6515     0.732361     0.732361            0
0.736938      5.50186      8.99889      2.88825      12.6378     0.732361     0.732361            0
0.727784      5.49271      8.96227       2.8791      12.6378     0.732361     0.732361            0
0.727784      5.49271      8.99889      2.88825      12.6515     0.732361     0.732361            0
0.736938      5.50186      9.00347       2.8791      12.6515     0.732361     0.732361            0
0.736938      5.49271      8.99889      2.88825      12.6515     0.732361     0.732361            0
0.727784      5.50186      9.00804      2.88825       12.647     0.732361     0.732361            0
0.727784      5.50186      8.99889      2.88825      12.6515     0.732361     0.732361            0
0.727784      5.49271      8.98516      2.88825      12.6515     0.732361     0.732361            0
% Making Code # 4 = [0.00  0.00  0.35  0.00]
0.72778      5.4927      9.0218      5.8452       9.777     0.73236     0.73236           0
0.72778      5.4927      8.9989      5.8497      9.7908     0.73236     0.73236           0
0.73694      5.5019       8.976      5.8452      9.7908     0.73236     0.73236           0
0.72778      5.4927      8.9989      5.8452      9.7908     0.73236     0.73236           0
0.73694      5.5019      8.9989      5.8452      9.7908     0.73236     0.73236           0
0.72778      5.4927      8.9852      5.8589       9.777     0.73236     0.73236           0
0.73694      5.5019      9.0355      5.8452      9.7908     0.73236     0.73236           0
0.73694      5.4927      9.0218      5.8589      9.7908     0.73236     0.73236           0
0.72778      5.5019      8.9989      5.8589       9.777     0.73236     0.73236           0
0.72778      5.4927      8.9989      5.8589      9.7908     0.73236     0.73236           0
0.72778      5.5019      8.9943      5.8452      9.7908     0.73236     0.73236           0
0.73694      5.4927      8.9989      5.8589       9.777     0.73236     0.73236           0
0.72778      5.5019      8.9989      5.8589      9.7908     0.73236     0.73236           0
0.72778      5.4927      8.9943      5.8589      9.7908     0.73236     0.73236           0
0.73694      5.5019       9.008      5.8452       9.777     0.73236     0.73236           0
0.72778      5.5019      9.0401      5.8589      9.7908     0.73236     0.73236           0
0.73694      5.5019      8.9989      5.8589      9.7908     0.73236     0.73236           0
0.73694      5.5019      9.0126      5.8452      9.7908     0.73236     0.73236           0
0.73694      5.5019       9.008      5.8589       9.777     0.73236     0.73236           0
0.73694      5.5019      8.9852      5.8589      9.7908     0.73236     0.73236           0
0.73694      5.5019      8.9989      5.8452       9.777     0.73236     0.73236           0
0.72778      5.4927      8.9989      5.8452      9.7908     0.73236     0.73236           0
0.72778      5.4927      8.9852      5.8589      9.7908     0.73236     0.73236           0
0.73694      5.5019      9.0218      5.8589      9.7908     0.73236     0.73236           0
0.72778      5.4927      8.9852      5.8452      9.7908     0.73236     0.73236           0
0.73694      5.4927      8.9989      5.8589      9.7908     0.73236     0.73236           0
0.72778      5.5019      9.0218      5.8497      9.7908     0.73236     0.73236           0
0.72778      5.4927      8.9989      5.8452      9.7908     0.73236     0.73236           0
0.72778      5.4927       9.008      5.8589       9.777     0.73236     0.73236           0
0.72778      5.5019      8.9852      5.8406      9.7908     0.73236     0.73236           0
0.73694      5.5019       9.008      5.8452      9.7908     0.73236     0.73236           0
0.73694      5.5019      9.0172      5.8452       9.777     0.73236     0.73236           0
0.72778      5.5019       9.008      5.8452      9.7908     0.73236     0.73236           0
0.72778      5.5019      8.9852      5.8452       9.777     0.73236     0.73236           0
0.72778      5.5019       9.008      5.8452      9.7908     0.73236     0.73236           0
0.73694      5.5019      8.9943      5.8452      9.7908     0.73236     0.73236           0
0.73694      5.5019      8.9989      5.8589      9.7908     0.73236     0.73236           0
0.73694      5.5019      8.9852      5.8452       9.777     0.73236     0.73236           0
0.73694      5.4927      8.9943      5.8589       9.777     0.73236     0.73236           0
0.72778      5.5019      8.9989      5.8589      9.7908     0.73236     0.73236           0
0.73694      5.4927      9.0355      5.8589      9.7908     0.73236     0.73236           0
0.73694      5.4927      8.9989      5.8452      9.7908     0.73236     0.73236           0
0.74609      5.5019      9.0035      5.8452      9.7908     0.73236     0.73236           0
0.72778      5.5019      8.9989      5.8589      9.7908     0.73236     0.73236           0
0.72778      5.4927       9.008      5.8452       9.777     0.73236     0.73236           0
0.72778      5.5019      8.9989      5.8452      9.7908     0.73236     0.73236           0
0.72778      5.5019      8.9852      5.8452      9.7908     0.73236     0.73236           0
0.72778      5.5019      8.9852      5.8406      9.7908     0.73236     0.73236           0
0.72778      5.5019      8.9943      5.8589       9.777     0.73236     0.73236           0
0.72778      5.5019      9.0035      5.8452       9.777     0.73236     0.73236           0
0.72778      5.4927      8.9943      5.8452      9.7908     0.73236     0.73236           0
0.73694      5.5019      8.9989      5.8452      9.7908     0.73236     0.73236           0
0.72778      5.5019      9.0035      5.8497       9.777     0.73236     0.73236           0
0.73694      5.5019       9.008      5.8452      9.7908     0.73236     0.73236           0
0.72778      5.5019      9.0447      5.8497       9.777     0.73236     0.73236           0
0.72778      5.5019      9.0172      5.8452      9.7908     0.73236     0.73236           0
0.73694      5.5019      8.9714      5.8452      9.7908     0.73236     0.73236           0
0.73694      5.4927       9.008      5.8497      9.7908     0.73236     0.73236           0
0.72778      5.4927      8.9989      5.8497      9.7908     0.73236     0.73236           0
0.72778      5.4927      9.0035      5.8452      9.7908     0.73236     0.73236           0
0.72778      5.5019      8.9943      5.8406       9.777     0.73236     0.73236           0
0.73694      5.4927       9.008      5.8589      9.7908     0.73236     0.73236           0
0.72778      5.5019      8.9943      5.8497      9.7908     0.73236     0.73236           0
0.72778      5.5019      8.9943      5.8589      9.7908     0.73236     0.73236           0
0.72778      5.4927      8.9943      5.8589       9.777     0.73236     0.73236           0
0.73694      5.4927      8.9852      5.8497      9.7908     0.73236     0.73236           0
0.73694      5.4927      8.9943      5.8452       9.777     0.73236     0.73236           0
0.73694      5.5019      8.9943      5.8452      9.7908     0.73236     0.73236           0
0.73694      5.4927      8.9943      5.8452       9.777     0.73236     0.73236           0
0.72778      5.5019      8.9943      5.8589      9.7908     0.73236     0.73236           0
0.73694      5.5019      9.0172      5.8452      9.7908     0.73236     0.73236           0
0.72778      5.5019      8.9943      5.8589      9.7908     0.73236     0.73236           0
0.72778      5.5019      8.9943      5.8406      9.7908     0.73236     0.73236           0
0.72778      5.4927      8.9943      5.8452       9.777     0.73236     0.73236           0
0.72778      5.5019      8.9989      5.8452      9.7908     0.73236     0.73236           0
0.73694      5.5019      8.9943      5.8452      9.7908     0.73236     0.73236           0
0.73694      5.5019      8.9943      5.8452       9.777     0.73236     0.73236           0
0.73694      5.4927      8.9989      5.8452      9.7908     0.73236     0.73236           0
0.72778      5.5019      8.9852      5.8497      9.7908     0.73236     0.73236           0
0.72778      5.5019      9.0035      5.8589      9.7908     0.73236     0.73236           0
0.73694      5.5019      9.0035      5.8589       9.777     0.73236     0.73236           0
0.72778      5.4927      8.9989      5.8589      9.7908     0.73236     0.73236           0
0.73694      5.5019      9.0035      5.8589       9.777     0.73236     0.73236           0
0.73694      5.4927      8.9943      5.8452       9.777     0.73236     0.73236           0
0.73694      5.5019      8.9806      5.8452      9.7908     0.73236     0.73236           0
0.73694      5.5019      9.0035      5.8452      9.7908     0.73236     0.73236           0
0.73694      5.5019      8.9943      5.8452      9.7908     0.73236     0.73236           0
0.72778      5.5019      9.0309      5.8589      9.7908     0.73236     0.73236           0
0.72778      5.4927      8.9943      5.8452      9.7908     0.73236     0.73236           0
0.72778      5.5019      9.0035      5.8497       9.777     0.73236     0.73236           0
0.72778      5.5019      9.0035      5.8589      9.7908     0.73236     0.73236           0
0.73694      5.5019      8.9943      5.8452      9.7908     0.73236     0.73236           0
0.73694      5.5019      8.9989      5.8497      9.7908     0.73236     0.73236           0
0.73694      5.5019      8.9943      5.8452       9.777     0.73236     0.73236           0
0.72778      5.4927      9.0035      5.8497       9.777     0.73236     0.73236           0
0.73694      5.4927      8.9806      5.8452       9.777     0.73236     0.73236           0
% Making Code # 5 = [0.00  0.00  0.77  0.00]
0.727784      5.49271      8.99431      11.9192      3.91356     0.732361     0.732361            0
0.736938      5.50186      9.00347      11.9192      3.91356     0.732361     0.732361            0
0.727784      5.49271      9.00347      11.9054      3.91356     0.732361     0.732361            0
0.736938      5.49271      8.99431      11.9146      3.91356     0.732361     0.732361            0
0.736938      5.49271      9.00347      11.9054      3.91356     0.732361     0.732361            0
0.727784      5.50186      8.99431      11.9054      3.91356     0.732361     0.732361            0
0.727784      5.50186      8.99431      11.9192      3.91356     0.732361     0.732361            0
0.736938      5.50186      9.00347      11.9054      3.91356     0.732361     0.732361            0
0.727784      5.50186      8.98058      11.9146      3.91356     0.732361     0.732361            0
0.727784      5.50186      9.00347      11.9192      3.91356     0.732361     0.732361            0
0.727784      5.49271      9.00347      11.9192      3.91356     0.732361     0.732361            0
0.727784      5.49271      8.98516      11.9054      3.91356     0.732361     0.732361            0
0.727784      5.50186      9.00347      11.9192      3.91356     0.732361     0.732361            0
0.736938      5.49271      9.00347      11.9283      3.91356     0.732361     0.732361            0
0.727784      5.50186      9.00347      11.9054      3.91356     0.732361     0.732361            0
0.736938      5.50186      8.99431      11.9054      3.89982     0.732361     0.732361            0
0.736938      5.49271      8.99431      11.9192      3.91356     0.732361     0.732361            0
0.727784      5.49271       9.0172      11.9192      3.91356     0.732361     0.732361            0
0.736938      5.50186      9.00347      11.9192      3.91356     0.732361     0.732361            0
0.736938      5.49271       9.0172      11.9192      3.91356     0.732361     0.732361            0
0.736938      5.49271      8.99431      11.9054      3.91356     0.732361     0.732361            0
0.736938      5.49271      9.00347      11.9192      3.91356     0.732361     0.732361            0
0.727784      5.49271      9.00347      11.9192      3.91356     0.732361     0.732361            0
0.736938      5.49271      9.00347      11.9283      3.91356     0.732361     0.732361            0
0.736938      5.49271      9.00347      11.9192      3.91356     0.732361     0.732361            0
0.727784      5.50186      8.99431      11.9192      3.91356     0.732361     0.732361            0
0.727784      5.49271      9.02635      11.9054      3.91356     0.732361     0.732361            0
0.736938      5.50186      8.99431      11.9192      3.91356     0.732361     0.732361            0
0.736938      5.49271      8.99431      11.9192      3.91356     0.732361     0.732361            0
0.736938      5.50186      9.00347      11.9192      3.91356     0.732361     0.732361            0
0.727784      5.50186      9.00347      11.9192      3.91356     0.732361     0.732361            0
0.736938      5.50186        8.976      11.9192      3.91356     0.732361     0.732361            0
0.714052      5.50186      9.00347      11.9054      3.91356     0.732361     0.732361            0
0.736938      5.49271      9.00347      11.9192      3.91356     0.732361     0.732361            0
0.736938      5.49271      8.99431      11.9192      3.91356     0.732361     0.732361            0
0.736938      5.50186      8.99431      11.9054      3.91356     0.732361     0.732361            0
0.727784      5.50186      9.00347      11.9192      3.91356     0.732361     0.732361            0
0.727784      5.49271      8.99431      11.9054      3.91356     0.732361     0.732361            0
0.736938      5.49271      8.97142      11.9192      3.91356     0.732361     0.732361            0
0.736938      5.50186      9.00347      11.9054      3.91356     0.732361     0.732361            0
0.736938      5.50186      9.00347      11.9192      3.91356     0.732361     0.732361            0
0.727784      5.49271      8.99431      11.9054      3.91356     0.732361     0.732361            0
0.727784      5.49271       9.0172      11.9192      3.91356     0.732361     0.732361            0
0.736938      5.49271      9.00347      11.9054      3.91356     0.732361     0.732361            0
0.736938      5.50186      8.99431      11.9192      3.91356     0.732361     0.732361            0
0.727784      5.50186      8.99431      11.9192      3.91356     0.732361     0.732361            0
0.736938      5.49271      8.99889      11.9054      3.91356     0.732361     0.732361            0
0.736938      5.49271      9.02635      11.9054      3.91356     0.732361     0.732361            0
0.727784      5.50186      9.00347      11.9192      3.91356     0.732361     0.732361            0
0.736938      5.50186      8.99431      11.9192      3.91356     0.732361     0.732361            0
0.727784      5.49271      8.99431      11.9192      3.91356     0.732361     0.732361            0
0.727784      5.50186      9.00347      11.9192      3.91356     0.732361     0.732361            0
0.727784      5.50186      9.00347      11.9192      3.91356     0.732361     0.732361            0
0.727784      5.50186      9.00347      11.9192      3.91356     0.732361     0.732361            0
0.727784      5.49271      9.02635      11.9054      3.91356     0.732361     0.732361            0
0.727784      5.49271      8.99431      11.9146      3.91356     0.732361     0.732361            0
0.736938      5.50186      8.97142      11.9192      3.91356     0.732361     0.732361            0
0.727784      5.50186      8.99431      11.9192      3.91356     0.732361     0.732361            0
0.727784      5.50186      9.01262      11.9192      3.91356     0.732361     0.732361            0
0.727784      5.50186      9.00347      11.8963      3.91356     0.732361     0.732361            0
0.736938      5.49271      8.99431      11.9192      3.91356     0.732361     0.732361            0
0.736938      5.50186      8.98516      11.9192      3.91356     0.732361     0.732361            0
0.736938      5.49271      8.99431      11.9192      3.91356     0.732361     0.732361            0
0.727784      5.49271      8.98516      11.9192      3.91356     0.732361     0.732361            0
0.736938      5.50186      9.02635      11.9054      3.91356     0.732361     0.732361            0
0.727784      5.49271      8.99431      11.9192      3.91356     0.732361     0.732361            0
0.727784      5.50186      8.99431      11.9192      3.91356     0.732361     0.732361            0
0.736938      5.49271      9.03551      11.9192      3.91356     0.732361     0.732361            0
0.727784      5.49271        8.976      11.9054      3.91356     0.732361     0.732361            0
0.727784      5.50186        8.976      11.9054      3.91356     0.732361     0.732361            0
0.727784      5.49271      9.02635      11.9192      3.91356     0.732361     0.732361            0
0.736938      5.49271      9.00347      11.9192      3.91356     0.732361     0.732361            0
0.736938      5.50186      9.00347      11.9192      3.91356     0.732361     0.732361            0
0.727784      5.50186      9.00347      11.9192      3.91356     0.732361     0.732361            0
0.727784      5.49271      8.99431      11.9054      3.91356     0.732361     0.732361            0
0.736938      5.50186      9.03551      11.9192      3.91356     0.732361     0.732361            0
0.736938      5.50186      9.00347      11.9054      3.91356     0.732361     0.732361            0
0.736938      5.50186      8.97142      11.9054      3.91356     0.732361     0.732361            0
0.736938      5.50186        8.976      11.9192      3.91356     0.732361     0.732361            0
0.727784      5.49271      8.98516      11.9054      3.91356     0.732361     0.732361            0
0.727784      5.50186      8.99431      11.9192      3.91356     0.732361     0.732361            0
0.736938      5.50186      9.03551      11.9054      3.91356     0.732361     0.732361            0
0.736938      5.49271      9.00347      11.9192      3.91356     0.732361     0.732361            0
0.727784      5.49271      8.98973      11.9192      3.91356     0.732361     0.732361            0
0.727784      5.49271      9.00347      11.9192      3.91356     0.732361     0.732361            0
0.727784      5.50186      9.00347      11.9054      3.91356     0.732361     0.732361            0
0.736938      5.49271      8.95312      11.9054      3.91356     0.732361     0.732361            0
0.736938      5.50186      9.03551      11.9054      3.91356     0.732361     0.732361            0
0.727784      5.50186      9.04466      11.9192      3.91356     0.732361     0.732361            0
0.736938      5.50186      8.96227      11.9054      3.91356     0.732361     0.732361            0
0.727784      5.49271      8.99431      11.9054      3.91356     0.732361     0.732361            0
0.736938      5.49271      8.98058      11.9146      3.91356     0.732361     0.732361            0
0.736938      5.49271      8.99431      11.9054      3.91356     0.732361     0.732361            0
0.736938      5.50186      9.00347      11.9054      3.91356     0.732361     0.732361            0
0.736938      5.50186      8.99889      11.9054      3.91356     0.732361     0.732361            0
0.736938      5.50186      9.00347      11.9192      3.91356     0.732361     0.732361            0
