15-Jul-2014 14:44:03
D:\Secondlife-32\Matlab\BeadSynthesizerV3.0\Scripts\PressureLog_20140715-02.txt
% Making Code # 1 = [0.00  0.00  0.00  1.00]
5.99163      6.00078      10.9991     0.608775      14.6152     0.604198     0.599621            0
6.00078      6.00078      10.9991     0.608775      14.6015     0.613353     0.608775            0
6.00078      6.00078      10.9991      0.61793      14.6152     0.613353     0.608775            0
5.99163      6.00078      10.9854     0.608775      14.6015     0.613353     0.608775            0
6.00078      5.98705      10.9991     0.608775      14.6152     0.613353     0.608775            0
6.00078      5.98705      10.9991     0.608775      14.6152     0.613353      0.61793            0
5.99163      6.00078      10.9991      0.61793      14.6152     0.604198     0.608775            0
6.00078      6.00078      10.9808     0.608775      14.6015     0.613353     0.608775            0
5.99163      6.00078      10.9763      0.61793      14.6015     0.613353     0.608775            0
6.00078      6.00078      10.9991      0.61793      14.6015     0.613353      0.61793            0
5.98248      5.98705      10.9991      0.61793      14.6015     0.613353     0.608775            0
5.99163      6.00078      10.9854     0.608775      14.6015     0.613353      0.61793            0
6.00078      6.00078       10.958      0.61793      14.6152     0.613353      0.61793            0
5.99163      5.98705      10.9991     0.599621      14.6152     0.613353      0.61793            0
6.00078      6.00078      10.9991     0.608775      14.6015     0.613353     0.608775            0
6.00078      5.98705      10.9991     0.608775      14.6015     0.613353     0.608775            0
6.00078      5.98705      10.9991      0.61793      14.6152     0.613353     0.608775            0
6.00078      6.00078      10.9991      0.61793      14.6015     0.613353      0.61793            0
6.00078      5.98705      10.9991     0.608775      14.6015     0.613353     0.608775            0
6.00078      6.00078      10.9625     0.608775      14.6152     0.613353      0.61793            0
5.99163      5.98705      11.0083      0.61793      14.6015     0.613353     0.608775            0
6.00078      6.00078      11.0403      0.61793      14.6152     0.613353     0.608775            0
6.00078      6.00078      10.9991     0.608775      14.6015     0.613353     0.608775            0
5.98248      6.00078      10.9991      0.61793      14.6152     0.613353     0.608775            0
5.99163      6.00078      10.9991     0.608775      14.6152     0.613353      0.61793            0
6.00078      6.00078      10.9763     0.608775      14.6152     0.613353      0.61793            0
5.99163      6.00078      10.9991     0.608775      14.6015     0.613353      0.61793            0
5.99163      5.98705      10.9991     0.608775      14.6152     0.613353      0.61793            0
6.00078      6.00078      10.9991      0.61793      14.6152     0.613353     0.608775            0
5.99163      6.00078      11.0083      0.61793      14.6152     0.613353     0.608775            0
5.99163      6.00078       11.022      0.61793      14.6015     0.613353     0.608775            0
5.98248      6.00078      11.0083      0.61793      14.6152     0.613353      0.61793            0
5.98248      6.00078      11.0083     0.608775      14.6152     0.613353      0.61793            0
5.99163      6.00078      10.9991      0.61793      14.6152     0.613353     0.608775            0
6.00078      5.98705      11.0083     0.608775      14.6015     0.613353      0.61793            0
5.98248      5.98705      10.9991     0.608775      14.6015     0.613353     0.608775            0
6.00078      6.00078      10.9991     0.608775      14.6015     0.613353      0.61793            0
6.00078      5.98705      10.9854      0.61793      14.6015     0.613353      0.61793            0
6.00078      6.00078      10.9854      0.61793      14.6015     0.613353     0.608775            0
5.99163      6.00078      10.9991     0.608775      14.6152     0.613353     0.608775            0
5.99163      6.00078       11.022      0.61793      14.6152     0.613353      0.61793            0
6.00078      6.00078      10.9991     0.608775      14.6152     0.613353     0.608775            0
6.00078      6.00078      10.9991     0.608775      14.6152     0.613353     0.608775            0
6.00078      6.00078      10.9991      0.61793      14.6015     0.613353     0.608775            0
6.00078      6.00078      10.9991      0.61793      14.6152     0.613353      0.61793            0
6.00078      6.00078      10.9991      0.61793      14.6015     0.613353      0.61793            0
5.99163      6.00078      10.9991     0.608775      14.6152     0.613353      0.61793            0
6.00078      6.00078      10.9991     0.608775      14.6152     0.613353     0.608775            0
5.99163      6.00078      10.9991      0.61793      14.6152     0.613353     0.608775            0
6.00078      5.98705      10.9808      0.61793      14.6015     0.613353     0.608775            0
6.00078      6.00078      10.9991     0.608775      14.6152     0.613353      0.61793            0
6.00078      5.98705      10.9991      0.61793      14.6152     0.613353      0.61793            0
5.99163      5.98705      10.9991     0.608775      14.6152     0.613353      0.61793            0
5.99163      5.98705        10.99      0.61793      14.6152     0.613353     0.608775            0
6.00078      6.00078      11.0403     0.608775      14.6152     0.613353      0.61793            0
6.00078      6.00078      10.9763     0.608775      14.6152     0.613353     0.608775            0
5.99163      6.00078      10.9854     0.608775      14.6015     0.613353     0.608775            0
6.00078      6.00078      10.9991      0.61793      14.6152     0.613353      0.61793            0
6.00078      6.00078      10.9854      0.61793      14.6152     0.613353      0.61793            0
6.00078      5.98705      10.9854     0.608775      14.6015     0.613353      0.61793            0
6.00078      6.00078      11.0083      0.61793      14.6152     0.613353     0.608775            0
6.00078      6.00078      11.0083     0.608775      14.6152     0.613353      0.61793            0
6.00078      5.98705      11.0312     0.608775      14.6015     0.613353     0.608775            0
6.00078      6.00078      10.9991     0.608775      14.6152     0.613353      0.61793            0
5.99163      6.00078      10.9991      0.61793      14.6152     0.613353     0.608775            0
6.00078      6.00078      10.9991     0.608775      14.6152     0.613353      0.61793            0
6.00078      5.98705       11.022     0.608775      14.6152     0.613353     0.608775            0
5.99163      6.00078      11.0083     0.608775      14.6152     0.613353      0.61793            0
5.99163      5.98705      10.9991      0.61793      14.6152     0.613353      0.61793            0
6.00078      5.98705      10.9991      0.61793      14.6152     0.613353      0.61793            0
5.99163      6.00078      10.9991     0.608775      14.6015     0.613353     0.608775            0
6.00078      6.00078      10.9991     0.608775      14.6152     0.613353      0.61793            0
5.99163      5.98705      10.9808     0.608775      14.6152     0.613353      0.61793            0
6.00078      6.00078      11.0312      0.61793      14.6152     0.613353      0.61793            0
6.00078      5.98705      11.0083      0.61793      14.6015     0.613353      0.61793            0
5.99163      6.00078      11.0312      0.61793      14.6152     0.613353      0.61793            0
5.99163      6.00078      10.9991      0.61793      14.6015     0.613353      0.61793            0
6.00078      6.00078      10.9991     0.608775      14.6015     0.613353     0.608775            0
5.98248      5.98705      10.9991     0.608775      14.6152     0.613353     0.608775            0
6.00078      6.00078      11.0083     0.608775      14.6152     0.613353      0.61793            0
6.00078      5.98705      10.9991      0.61793      14.6152     0.613353     0.608775            0
6.00078      5.98705      11.0083      0.61793      14.6152     0.613353      0.61793            0
5.99163      6.00078      10.9763     0.608775      14.6152     0.613353      0.61793            0
6.00078      6.00078      10.9991      0.61793      14.6152     0.613353     0.608775            0
6.00078      6.00078      10.9991     0.608775      14.6152     0.613353     0.608775            0
6.00078      6.00078      10.9763     0.608775      14.6152     0.604198     0.608775            0
6.00078      6.00078      10.9854     0.608775      14.6015     0.613353      0.61793            0
5.98248      5.98705      11.0083      0.61793      14.6015     0.613353      0.61793            0
6.00078      6.00078      10.9854     0.608775      14.6015     0.613353     0.608775            0
6.00078      5.98705      10.9625     0.608775      14.6152     0.613353      0.61793            0
6.00078      5.98705      10.9991     0.608775      14.6152     0.613353     0.608775            0
5.99163      6.00078       11.022      0.61793      14.6152     0.613353      0.61793            0
5.99163      6.00078      10.9991      0.61793      14.6015     0.613353      0.61793            0
6.00078      6.00078      10.9854     0.608775      14.6152     0.613353      0.61793            0
6.00078      6.00078      10.9854      0.61793      14.6152     0.613353     0.608775            0
6.00078      6.00078      10.9991      0.61793      14.6152     0.613353      0.61793            0
5.99163      6.00078      10.9991      0.61793      14.6015     0.613353     0.608775            0
6.00078      5.98705      11.0083      0.61793      14.6015     0.613353      0.61793            0
6.00078      6.00078      11.0083      0.61793      14.6015     0.613353     0.608775            0
6.00078      5.98705      10.9991     0.608775      14.6015     0.613353     0.608775            0
6.00078      5.98705      10.9854      0.61793      14.6152     0.613353     0.608775            0
5.99163      5.98705      10.9991     0.608775      14.6015     0.613353     0.608775            0
5.99163      6.00078      10.9991      0.61793      14.6015     0.613353     0.608775            0
5.99163      6.00078      10.9991      0.61793      14.6152     0.613353      0.61793            0
5.99163      5.98705      10.9808      0.61793      14.6015     0.613353      0.61793            0
5.99163      6.00078      11.0495     0.608775      14.6152     0.613353     0.608775            0
5.99163      5.98705      10.9854      0.61793      14.6152     0.613353      0.61793            0
5.99163      6.00078      10.9991      0.61793      14.6152     0.613353      0.61793            0
6.00078      6.00078      10.9991      0.61793      14.6152     0.613353     0.608775            0
6.00078      6.00078      11.0312      0.61793      14.6152     0.613353      0.61793            0
6.00078      6.00078      10.9991     0.608775      14.6152     0.613353      0.61793            0
5.99163      5.98705      10.9763      0.61793      14.6015     0.613353     0.608775            0
5.99163      6.00078      10.9854      0.61793      14.6152     0.604198      0.61793            0
6.00078      6.00078      10.9671      0.61793      14.6152     0.613353      0.61793            0
6.00078      5.98705      10.9763      0.61793      14.6015     0.613353     0.608775            0
6.00078      6.00078      11.0312      0.61793      14.6015     0.613353     0.608775            0
6.00078      5.98705      11.0129     0.608775      14.6015     0.613353     0.608775            0
6.00078      6.00078      11.0083     0.608775      14.6152     0.613353      0.61793            0
5.99163      6.00078      11.0312     0.608775      14.6015     0.613353      0.61793            0
6.00078      5.98705      10.9991     0.608775      14.6015     0.613353      0.61793            0
5.99163      6.00078      11.0358     0.608775      14.6152     0.613353     0.608775            0
% Making Code # 2 = [0.00  0.00  0.28  0.72]
6.00078      6.00078      11.0403      5.49271      10.6696     0.613353     0.608775            0
5.99163      6.00078      10.9991      5.49271      10.6696     0.613353      0.61793            0
5.99163      6.00078      10.9991      5.48355      10.6696     0.613353      0.61793            0
6.00078      6.00078      11.0083      5.47898      10.6696     0.613353      0.61793            0
6.00078      5.98705      10.9991      5.47898      10.6696     0.613353      0.61793            0
6.00078      5.98705      10.9991      5.49271      10.6696     0.613353     0.608775            0
5.99163      6.00078      10.9854      5.48355      10.6696     0.613353      0.61793            0
5.99163      6.00078      10.9991      5.49271      10.6696     0.613353     0.608775            0
6.00078      5.98705      10.9991      5.47898      10.6696     0.613353     0.608775            0
6.00078      6.00078      11.0083      5.49271      10.6696     0.613353     0.608775            0
6.00078      5.98705      10.9991      5.47898      10.6696     0.613353     0.608775            0
5.99163      6.00078      11.0358      5.49271      10.6696     0.613353     0.608775            0
6.00078      6.00078      11.0083      5.47898      10.6696     0.613353     0.608775            0
6.00078      6.00078      10.9991      5.49271      10.6559     0.613353      0.61793            0
6.00078      5.98705      10.9763      5.47898      10.6696     0.613353      0.61793            0
6.00078      5.98705      10.9991      5.49271      10.6696     0.613353      0.61793            0
6.00078      5.98705      10.9991      5.49271      10.6696     0.613353     0.608775            0
5.99163      6.00078      10.9854      5.49271      10.6696     0.613353     0.608775            0
6.00078      6.00078      10.9991      5.49271      10.6696     0.613353     0.608775            0
6.00078      5.98705      11.0083      5.49271      10.6696     0.613353      0.61793            0
6.00078      6.00078      11.0449      5.49271      10.6696     0.613353     0.608775            0
6.00078      6.00078      11.0129      5.49271      10.6696     0.613353     0.608775            0
6.00078      6.00078      10.9991      5.47898      10.6696     0.613353     0.608775            0
6.00078      6.00078      10.9991      5.49271      10.6696     0.613353     0.608775            0
6.00078      5.98705      10.9991      5.47898      10.6696     0.613353      0.61793            0
5.99163      6.00078      11.0175      5.47898      10.6696     0.613353      0.61793            0
5.99163      6.00078       10.958      5.49271      10.6696     0.613353     0.608775            0
6.00078      5.98705      10.9991      5.49271      10.6696     0.613353      0.61793            0
5.99163      6.00078       11.022      5.49271      10.6696     0.613353     0.608775            0
5.99163      6.00078      10.9763      5.47898      10.6696     0.613353     0.608775            0
6.00078      6.00078      11.3104      5.49271      10.6696     0.613353      0.61793            0
6.00078      6.00078      11.4752      5.49271      10.6696     0.613353     0.608775            0
6.00078      6.00078      11.6629      5.49271      10.6696     0.613353      0.61793            0
6.00078      5.98705      11.9009      5.49271      10.6696     0.613353     0.608775            0
5.99163      6.00078      12.1068      5.47898      10.6696     0.613353     0.608775            0
6.00078      5.98705      12.0473      5.47898      10.6696     0.613353     0.608775            0
6.00078      6.00078      12.0245      5.49271      10.6696     0.613353      0.61793            0
6.00078      6.00078      12.0382      5.47898      10.6696     0.613353     0.608775            0
5.99163      6.00078      12.0473      5.47898      10.6559     0.613353      0.61793            0
5.99163      6.00078      12.0611      5.49271      10.6696     0.613353      0.61793            0
6.00078      6.00078      12.1068      5.48355      10.6