02-Jul-2014 17:15:06
D:\Secondlife-32\Matlab\BeadSynthesizerV3.0\Scripts\PressureLog_20140702-01_code20.txt
% Making Code # 1 = [0.37  0.00  0.28  0.35]
6.0054      6.0008      8.9852       4.861      5.0762      5.4973     0.22429           0
5.9916      5.9871      8.9577       4.861      5.0762      5.5064     0.22429           0
6.0054      5.9871      8.9989       4.861      5.0762      5.5064     0.22429           0
6.0054      6.0008      8.9623       4.861      5.0899      5.5064     0.22429           0
5.9916      5.9871      8.9714       4.861      5.0762      5.5064     0.22429           0
5.9916      6.0008      9.0218       4.861      5.0899      5.5064     0.21513           0
6.0054      6.0008      9.0447       4.861      5.0762      5.5064     0.22429           0
5.9916      6.0008      9.0172      4.8656      5.0762      5.4973     0.22429           0
6.0008      6.0008      8.9989       4.861      5.0762      5.5064     0.22429           0
5.9916      6.0008      8.9989      4.8656      5.0762      5.5064     0.22429           0
5.9916      6.0008      8.9806       4.861      5.0899      5.5064     0.22429           0
6.0054      6.0008      8.9989       4.861      5.0899      5.5064     0.22429           0
5.9916      6.0008      8.9989       4.861      5.0899      5.5064     0.22429           0
5.9916      6.0008      8.9989       4.861      5.0899      5.5064     0.22429           0
6.0054      6.0008      8.9989      4.8656      5.0899      5.5064     0.22429           0
5.9916      6.0008      9.0309       4.861      5.0899      5.5064     0.22429           0
5.9916      5.9871      8.9714      4.8565      5.0762      5.5064     0.22429           0
5.9916      6.0008      8.9989       4.861      5.0762      5.5064     0.22429           0
5.9916      6.0008      9.0401       4.861      5.0899      5.5064     0.22429           0
5.9916      6.0008       8.976       4.861      5.0899      5.5064     0.22429           0
5.9916      6.0008      8.9806      4.8656      5.0762      5.5064     0.22429           0
5.9916      6.0008      8.9806      4.8702      5.0899      5.5064     0.22429           0
6.0008      5.9871      8.9989      4.8702      5.0762      5.5064     0.22429           0
5.9916      6.0008      9.0172       4.861      5.0899      5.5064     0.22429           0
5.9916      5.9871      9.0218       4.861      5.0762      5.5064     0.22429           0
5.9916      5.9871      9.0538      4.8702      5.0899      5.5064     0.22429           0
5.9916      6.0008      8.9714      4.8702      5.0762      5.5064     0.22429           0
5.9916      6.0008      8.9989      4.8702      5.0899      5.5064     0.22429           0
5.9916      6.0008       9.008       4.861      5.0762      5.5064     0.21513           0
6.0008      5.9871       9.008       4.861      5.0762      5.5064     0.22429           0
6.0099      6.0008       8.976       4.861      5.0899      5.5064     0.22429           0
5.9916      6.0008      8.9989       4.861      5.0762      5.5064     0.22429           0
5.9916      5.9871      8.9989       4.861      5.0899      5.5064     0.22429           0
5.9916      6.0008      9.0401       4.861      5.0899      5.5064     0.22429           0
5.9916      6.0008      8.9989       4.861      5.0762      5.5064     0.22429           0
5.9916      6.0008      8.9852      4.8656      5.0899      5.5064     0.22429           0
5.9916      6.0008      8.9852      4.8794      5.0762      5.5064     0.22429           0
5.9916      6.0008      9.0218      4.8702      5.0899      5.5064     0.22429           0
6.0008      5.9871      8.9989       4.861      5.0899      5.5064     0.22429           0
5.9916      5.9871      8.9989       4.861      5.0899      5.5064     0.22429           0
6.0008      6.0008      9.0172      4.8702      5.0899      5.5064     0.22429           0
6.0008      5.9871      8.9989      4.8702      5.0899      5.5064     0.22429           0
6.0008      6.0008       9.008       4.861      5.0762      5.5064     0.22429           0
6.0008      6.0008      8.9852      4.8702      5.0899      5.5064     0.22429           0
6.0008      5.9871      8.9989       4.861      5.0899      5.5064     0.22429           0
6.0008      5.9871      8.9989       4.861      5.0899      5.5064     0.22429           0
5.9916      6.0008      8.9943       4.861      5.0899      5.5064     0.22429           0
6.0008      6.0008      8.9852       4.861      5.0899      5.5064     0.22429           0
5.9871      5.9871      8.9852       4.861      5.0899      5.5064     0.22429           0
5.9825      6.0008      8.9852      4.8702      5.0899      5.5064     0.22429           0
6.0008      6.0008      8.9989      4.8656      5.0899      5.5064     0.22429           0
6.0008      5.9871      8.9989       4.861      5.0899      5.5064     0.22429           0
6.0008      5.9871      8.9989       4.861      5.0899      5.5064     0.22429           0
6.0008      5.9871      8.9989      4.8656      5.0899      5.5064     0.22429           0
6.0008      6.0008      8.9989       4.861      5.0899      5.5064     0.22429           0
6.0008      6.0008      8.9989       4.861      5.0762      5.5064     0.22429           0
6.0008      5.9871      8.9989      4.8656      5.0899      5.5064     0.22429           0
6.0008      6.0008      9.0218       4.861      5.0899      5.5064     0.22429           0
6.0008      6.0008      8.9852       4.861      5.0899      5.5064     0.22429           0
5.9916      5.9871      8.9989       4.861      5.0899      5.5064     0.22429           0
5.9871      5.9871      8.9852       4.861      5.0762      5.5064     0.21513           0
6.0008      5.9871      8.9989      4.8702      5.0899      5.5064     0.22429           0
5.9871      6.0008      9.0447       4.861      5.0762      5.5064     0.22429           0
6.0008      5.9871      8.9989      4.8702      5.0899      5.5064     0.22429           0
5.9871      5.9871       9.008       4.861      5.0762      5.5064     0.21513           0
6.0008      5.9871      8.9989      4.8702      5.0899      5.4973     0.22429           0
6.0008      5.9871       9.008       4.861      5.0762      5.5064     0.22429           0
5.9871      6.0008      8.9989      4.8702      5.0899      5.5064     0.22429           0
6.0008      6.0008      9.0035       4.861      5.0762      5.5064     0.22429           0
5.9871      6.0008      8.9989       4.861      5.0899      5.5064     0.22429           0
5.9871      6.0008      8.9989      4.8702      5.0762      5.5064     0.22429           0
6.0008      5.9871      8.9989       4.861      5.0899      5.5064     0.22429           0
6.0008      6.0008      8.9989      4.8702      5.0899      5.5064     0.22429           0
6.0008      6.0008      8.9989      4.8702      5.0899      5.5064     0.22429           0
6.0008      5.9871      8.9852      4.8702      5.0899      5.5064     0.22429           0
5.9871      5.9871       9.008       4.861      5.0762      5.5064     0.22429           0
6.0008      5.9871       9.008       4.861      5.0762      5.5064     0.22429           0
5.9871      6.0008      8.9714      4.8702      5.0899      5.5064     0.22429           0
5.9871      6.0008      8.9577       4.861      5.0762      5.5064     0.22429           0
5.9871      5.9871      8.9989       4.861      5.0762      5.5064     0.22429           0
6.0008      6.0008      9.0172      4.8702      5.0899      5.5064     0.22429           0
6.0008      6.0008      9.0035      4.8702      5.0899      5.5064     0.22429           0
5.9871      6.0008      8.9989      4.8702      5.0899      5.5064     0.22429           0
6.0008      6.0008      8.9989      4.8656      5.0899      5.5064     0.22429           0
6.0008      6.0008      9.0172      4.8794      5.0899      5.5064     0.22429           0
5.9871      6.0008      8.9852       4.861      5.0899      5.5064     0.22429           0
6.0008      6.0008      8.9852       4.861      5.0899      5.5064     0.22429           0
6.0008      6.0008      8.9989      4.8702      5.0899      5.5064     0.22429           0
5.9871      6.0008      8.9989      4.8702      5.0899      5.5064     0.22429           0
6.0008      6.0008      8.9806       4.861      5.0762      5.5064     0.22429           0
5.9871      6.0008      8.9852       4.861      5.0762      5.5064     0.22429           0
6.0008      6.0008      8.9852       4.861      5.0899      5.5064     0.22429           0
6.0008      5.9871      8.9989       4.861      5.0899      5.5064     0.22429           0
6.0008      6.0008      9.0035      4.8702      5.0899      5.5064     0.22429           0
5.9871      5.9871      8.9943       4.861      5.0899      5.5064     0.22429           0
5.9871      5.9871      8.9989      4.8656      5.0899      5.5064     0.22429           0
