14-Jul-2014 18:10:18
D:\Secondlife-32\Matlab\BeadSynthesizerV3.0\Scripts\PressureLog_20140714-02.txt
% Making Code # 1 = [0.00  0.00  0.00  1.00]
5.99621      5.99621      9.02635      0.61793      14.6152     0.613353     0.590466            0
6.00994      6.00078      9.00347      0.61793      14.6015     0.613353     0.599621            0
5.99621      5.99621      9.02635     0.608775      14.6015     0.613353     0.608775            0
5.99621      5.99621      8.99431      0.61793      14.6152     0.613353     0.608775            0
5.99621      5.99621      9.04008      0.61793      14.6015     0.613353      0.61793            0
5.99621      6.00078      9.00347      0.61793      14.6152     0.613353      0.61793            0
5.99621      5.98705      9.00347     0.608775      14.6152     0.613353      0.61793            0
5.99621      5.99621      8.99431      0.61793      14.6015     0.604198      0.61793            0
5.99621      5.98705      9.00347      0.61793      14.6152     0.613353     0.608775            0
6.00994      5.98248      9.00347      0.61793      14.6015     0.613353      0.61793            0
5.99621      5.98705      8.99431     0.608775      14.6152     0.613353      0.61793            0
5.99621      6.00078      9.02177      0.61793      14.6152     0.613353     0.608775            0
5.99621      5.98705      8.98516      0.61793      14.6152     0.613353      0.61793            0
6.00994      6.00078      9.00347     0.608775      14.6015     0.613353     0.608775            0
5.99621      6.00078      8.99431      0.61793      14.6152     0.613353     0.608775            0
6.00994      6.00078      9.00347      0.61793      14.6015     0.613353      0.61793            0
6.00994      5.98705      8.97142     0.608775      14.6152     0.613353     0.608775            0
5.99621      6.00078      8.99431      0.61793      14.6152     0.613353      0.61793            0
5.99621      5.98705       9.0172      0.61793      14.6152     0.613353     0.608775            0
5.99621      6.00078      8.99431      0.61793      14.6152     0.613353      0.61793            0
5.99621      6.00078      8.99431      0.61793      14.6015     0.613353      0.61793            0
6.00994      6.00078      9.01262     0.608775      14.6015     0.613353      0.61793            0
5.99621      6.00078      9.00347      0.61793      14.6152     0.613353     0.608775            0
6.00994      5.98705      8.98058      0.61793      14.6243     0.613353      0.61793            0
5.98705      6.00078      8.98516     0.608775      14.6152     0.613353     0.608775            0
5.99621      6.00078      9.00347      0.61793      14.6152     0.613353     0.608775            0
5.99621      6.00078      9.00347     0.608775      14.6152     0.613353     0.608775            0
6.00994      6.00078      8.98516     0.608775      14.6015     0.613353     0.608775            0
5.99621      6.00078      8.99431      0.61793      14.6015     0.613353     0.608775            0
5.98705      6.00078      9.00347      0.61793      14.6243     0.613353     0.608775            0
5.99621      5.98705      8.98516      0.61793      14.6015     0.613353      0.61793            0
5.98705      6.00078      9.00347     0.608775      14.6015     0.613353      0.61793            0
5.99621      6.00078      8.98516     0.608775      14.6152     0.613353      0.61793            0
5.99621      5.98705      8.97142     0.608775      14.6152     0.613353     0.608775            0
5.99621      5.98705      8.99431     0.608775      14.6015     0.613353      0.61793            0
6.00994      5.98705      8.99431      0.61793      14.6152     0.613353      0.61793            0
5.98705      6.00078      8.99431      0.61793      14.6015     0.613353     0.608775            0
5.98705      6.00078      9.00347      0.61793      14.6243     0.613353      0.61793            0
6.00994      5.98705      8.97142     0.608775      14.6015     0.613353      0.61793            0
5.98705      6.00078      9.00347      0.61793      14.6015     0.613353      0.61793            0
5.99621      6.00078      8.99431     0.608775      14.6152     0.613353     0.608775            0
6.00994      5.98705      8.98516     0.608775      14.6015     0.613353     0.608775            0
6.00994      5.98705      9.00347      0.61793      14.6015     0.613353      0.61793            0
5.99621      5.98705      9.00347      0.61793      14.6152     0.613353     0.608775            0
5.99621      6.00078      9.00347     0.608775      14.6152     0.613353     0.608775            0
5.98705      6.00078      9.00347     0.608775      14.6152     0.613353     0.608775            0
5.99621      6.00078      9.00347      0.61793      14.6015     0.613353     0.608775            0
5.98705      6.00078      9.02635      0.61793      14.6015     0.613353      0.61793            0
5.99621      6.00078      8.99431     0.608775      14.6015     0.613353      0.61793            0
5.99621      6.00078      8.99431     0.608775      14.6015     0.613353     0.608775            0
6.00994      6.00078      9.00347      0.61793      14.6152     0.613353     0.608775            0
5.99621      6.00078      9.00347     0.608775      14.6152     0.613353      0.61793            0
5.98705      6.00078      9.00347      0.61793      14.6152     0.613353     0.608775            0
5.99621      6.00078      9.00347      0.61793      14.6152     0.613353      0.61793            0
6.00994      6.00078      8.99431      0.61793      14.6015     0.613353      0.61793            0
5.99621      6.00078      9.00347      0.61793      14.6015     0.613353     0.608775            0
6.00994      5.98705      8.99431     0.608775      14.6152     0.613353      0.61793            0
5.99621      5.98705      8.99431      0.61793      14.6152     0.613353      0.61793            0
5.99621      6.00078      8.99431      0.61793      14.6015     0.613353     0.608775            0
5.99621      6.00078      8.99431     0.608775      14.6015     0.613353     0.608775            0
5.99621      5.98705      9.00347      0.61793      14.6152     0.613353      0.61793            0
5.99621      5.98705      8.98516     0.608775      14.6152     0.613353     0.608775            0
5.99621      6.00078      8.99431      0.61793      14.6152     0.613353     0.608775            0
5.99621      5.98705      8.98058      0.61793      14.6152     0.613353      0.61793            0
5.99621      5.98705      8.98516     0.608775      14.6152     0.613353     0.608775            0
5.99621      6.00078      8.98516      0.61793      14.6152     0.613353     0.608775            0
5.98705      6.00078      8.99431     0.608775      14.6015     0.613353     0.608775            0
5.98705      5.98705      9.00347     0.608775      14.6152     0.613353      0.61793            0
5.98705      6.00078        8.976     0.608775      14.6152     0.613353      0.61793            0
5.99621      6.00078      9.00347     0.608775      14.6015     0.613353     0.608775            0
5.99621      5.98705      9.00347     0.608775      14.6243     0.613353      0.61793            0
5.98705      6.00078      9.00347     0.608775      14.6015     0.613353      0.61793            0
5.99621      5.98705      9.00347      0.61793      14.6015     0.613353      0.61793            0
5.99621      6.00078      8.99431     0.608775      14.6015     0.613353     0.608775            0
5.98705      5.98705      8.98058     0.608775      14.6015     0.613353      0.61793            0
5.99621      5.98705      8.99431      0.61793      14.6243     0.613353     0.608775            0
5.99621      6.00078      9.00347      0.61793      14.6152     0.613353      0.61793            0
5.98705      6.00078      9.00347      0.61793      14.6015     0.613353     0.608775            0
6.00994      6.00078      8.99889      0.61793      14.6015     0.613353      0.61793            0
5.99621      6.00078      8.99431      0.61793      14.6152     0.613353     0.608775            0
5.99621      6.00078      9.00347      0.61793      14.6152     0.613353      0.61793            0
5.99621      6.00078      8.99431      0.61793      14.6152     0.613353      0.61793            0
5.99621      6.00078       9.0172      0.61793      14.6243     0.613353     0.608775            0
5.99621      6.00078      9.00347     0.608775      14.6015     0.613353      0.61793            0
5.99621      6.00078      8.98058      0.61793      14.6243     0.613353      0.61793            0
5.99621      5.98705      9.00347      0.61793      14.6015     0.613353      0.61793            0
5.99621      5.98705      9.03551     0.608775      14.6015     0.613353      0.61793            0
5.99621      6.00078      9.00347     0.608775      14.6152     0.613353     0.608775            0
5.99621      5.98705       9.0172     0.608775      14.6152     0.613353     0.608775            0
5.99621      6.00078      8.99431     0.608775      14.6015     0.613353      0.61793            0
5.99621      5.98705        8.976     0.608775      14.6152     0.613353      0.61793            0
5.98705      6.00078      8.98516      0.61793      14.6015     0.613353      0.61793            0
5.99621      5.98705      8.99431      0.61793      14.6152     0.613353     0.608775            0
5.99621      6.00078      9.02177     0.608775      14.6015     0.613353      0.61793            0
5.99621      6.00078      8.99431      0.61793      14.6152     0.613353     0.608775            0
5.99621      6.00078      8.99431      0.61793      14.6152     0.613353      0.61793            0
% Making Code # 2 = [0.00  0.00  0.28  0.72]
5.99621      6.00078      8.99431      5.86804      10.6696     0.613353     0.608775            0
5.98705      5.98705       9.0172      5.86804      10.6696     0.613353     0.608775            0
5.99621      5.98705       9.0172      5.85889      10.6696     0.613353      0.61793            0
5.99621      5.98705       9.0172      5.86804      10.6696     0.613353      0.61793            0
5.99621      5.98705       9.0172      5.86804      10.6696     0.613353     0.608775            0
5.98705      5.98705      9.05839      5.86804      10.6696     0.613353      0.61793            0
5.99621      6.00078      8.99889      5.86804      10.6696     0.613353     0.608775            0
5.99621      6.00078      9.00347      5.86804      10.6696     0.613353     0.608775            0
5.99621      5.98705      8.99431      5.86804      10.6696     0.613353      0.61793            0
5.99621      5.98705      9.00347      5.86804      10.6696     0.613353     0.608775            0
5.99621      6.00078      9.01262       5.8772      10.6696     0.613353     0.608775            0
5.99621      6.00078      8.95769      5.86804      10.6696     0.613353      0.61793            0
5.99621      6.00078      8.98516      5.86804      10.6696     0.613353      0.61793            0
5.98705      5.98705      9.00347      5.86804      10.6696     0.613353     0.608775            0
5.99621      6.00078      9.00347      5.86804      10.6696     0.613353      0.61793            0
5.99621      6.00078      9.00347      5.86804      10.6696     0.613353     0.608775            0
5.99621      5.98705      8.99431      5.86804      10.6696     0.613353     0.608775            0
6.00994      6.00078      9.00347      5.86804      10.6696     0.613353      0.61793            0
5.99621      6.00078      8.99889      5.85889      10.6696     0.613353      0.61793            0
6.00994      6.00078      9.02635      5.86804      10.6696     0.613353      0.61793            0
5.99621      6.00078      9.04008      5.86804      10.6696     0.613353      0.61793            0
5.99621      6.00078      8.99431      5.86804      10.6696     0.613353      0.61793            0
5.99621      6.00078      8.99431      5.86804      10.6696     0.613353      0.61793            0
6.00994      6.00078      8.95769      5.87262      10.6696     0.613353     0.608775            0
5.99621      6.00078      8.99431      5.86804      10.6696     0.613353      0.61793            0
5.99621      6.00078      9.00347       5.8772      10.6696     0.613353     0.608775            0
5.98705      6.00078      8.99431      5.86804      10.6696     0.613353      0.61793            0
5.99621      5.98705      9.00347       5.8772      10.6696     0.613353     0.608775            0
5.99621      5.98705      9.00347      5.86804      10.6696     0.613353     0.608775            0
5.99621      5.98705      8.99889      5.86804      10.6696     0.613353     0.608775            0
5.99621      6.00078      8.99431      5.87262      10.6696     0.613353     0.608775            0
5.99621      5.98705      9.03551       5.8772      10.6696     0.613353     0.608775            0
5.99621      6.00078      9.00347      5.86804      10.6696     0.613353      0.61793            0
5.98705      6.00078      9.00347      5.86804      10.6696     0.613353      0.61793            0
5.99621      6.00078      9.03551       5.8772      10.6696     0.613353      0.61793            0
5.99621      6.00078      8.99889      5.86804      10.6696     0.613353      0.61793            0
5.99621      6.00078      9.00347      5.86804      10.6696     0.613353     0.608775            0
5.99621      6.00078      9.00347      5.86804      10.6696     0.613353     0.608775            0
5.99621      6.00078      8.99431      5.86804      10.6696     0.613353      0.61793            0
5.98705      6.00078      8.98058      5.86804      10.6696     0.613353     0.608775            0
5.99621      5.98705      8.99889      5.86804      10.6696     0.613353     0.608775            0
5.99621      6.00078      8.99431      5.86804      10.6696     0.613353     0.608775            0
5.99621      5.98705      9.00347      5.85889      10.6696     0.613353      0.61793            0
5.98705      5.98705      8.99431      5.86804      10.6696     0.613353      0.61793            0
6.00994      6.00078      8.99431      5.86804      10.6696     0.613353     0.608775            0
5.99621      6.00078      9.00347      5.86804      10.6696     0.613353     0.608775            0
5.99621      6.00078      8.99431      5.86804      10.6696     0.613353     0.608775            0
5.99621      5.98705        8.976      5.86804      10.6696     0.613353      0.61793            0
5.98705      6.00078      8.97142      5.86804      10.6696     0.613353      0.61793            0
5.99621      6.00078      8.99889       5.8772      10.6696     0.613353      0.61793            0
5.99621      6.00078      8.99431      5.86804      10.6696     0.613353     0.608775            0
5.98705      6.00078      8.98516      5.86804      10.6696     0.613353     0.608775            0
5.99621      5.98705      9.00347       5.8772      10.6696     0.613353     0.608775            0
5.99621      6.00078      9.00347      5.86804      10.6696     0.613353     0.608775            0
5.98705      5.98705      9.00347      5.86804      10.6696     0.613353     0.608775            0
5.99621      6.00078      8.97142      5.86804      10.6696     0.613353      0.61793            0
5.99621      6.00078      8.97142      5.86804      10.6696     0.613353      0.61793            0
5.99621      5.98705      8.98516      5.85889      10.6696     0.613353      0.61793            0
5.99621      6.00078      8.99431      5.86804      10.6696     0.613353      0.61793            0
5.99621      5.98705      9.00804      5.85889      10.6696     0.613353     0.608775            0
5.99621      5.98705      9.00347      5.86804      10.6696     0.613353     0.608775            0
5.98705      6.00078      9.00347      5.86804      10.6696     0.613353      0.61793            0
5.99621      6.00078      8.99431      5.86804      10.6696     0.613353     0.608775            0
5.99621      6.00078      9.00347      5.86804      10.6696     0.613353      0.61793            0
5.99621      6.00078      9.03551      5.86804      10.6696     0.613353     0.608775            0
6.00994      5.98705      9.00347      5.86804      10.6696     0.613353     0.608775            0
5.98705      6.00078      8.99431      5.86804      10.6696     0.613353      0.61793            0
5.99621      6.00078      8.99431      5.86804      10.6696     0.613353     0.608775            0
5.98705      6.00078      9.00804      5.86804      10.6696     0.613353     0.608775            0
5.99621      6.00078      8.96227      5.86804      10.6696     0.613353     0.608775            0
5.99621      6.00078      8.98058      5.86804      10.6696     0.613353      0.61793            0
5.99621      6.00078      8.98058      5.86804      10.6696     0.613353      0.61793            0
5.99621      5.98705      9.00347      5.86804      10.6696     0.613353     0.608775            0
5.99621      6.00078      8.99431      5.86804      10.6696     0.613353      0.61793            0
5.99621      6.00078      8.98516      5.86804      10.6696     0.613353      0.61793            0
5.99621      6.00078      8.99431      5.86804      10.6696     0.613353      0.61793            0
5.99621      6.00078      8.99431      5.86804      10.6696     0.613353     0.608775            0
5.99621      5.98705      8.99431      5.86804      10.6696     0.613353     0.608775            0
5.98705      6.00078      8.99889      5.86804      10.6696     0.613353     0.608775            0
5.99621      6.00078      9.00347      5.86804      10.6696     0.613353     0.608775            0
5.99621      5.98705      8.99431      5.86804      10.6696     0.613353      0.61793            0
5.98705      5.98705      8.99431      5.86804      10.6696     0.613353     0.608775            0
5.99621      6.00078      9.00347      5.86804      10.6696     0.613353     0.608775            0
5.99621      5.98705      9.00804      5.86804      10.6696     0.613353      0.61793            0
5.99621      6.00078      9.00347      5.86804      10.6696     0.613353      0.61793            0
5.99621      6.00078      9.00347      5.86804      10.6696     0.613353      0.61793            0
6.00994      6.00078      8.99431      5.86804      10.6696     0.613353      0.61793            0
5.99621      5.98705      9.00347      5.86804      10.6696     0.613353     0.608775            0
5.99621      5.98705      9.00347      5.86804      10.6696     0.613353     0.608775            0
5.99621      6.00078      8.99431      5.86804      10.6696     0.613353     0.608775            0
5.99621      6.00078      8.97142      5.85889      10.6696     0.613353      0.61793            0
5.98705      6.00078      8.99431      5.85889      10.6696     0.613353     0.608775            0
5.99621      6.00078       9.0172      5.86804      10.6696     0.613353     0.608775            0
5.99621      6.00078      9.00347       5.8772      10.6696     0.613353     0.608775            0
5.99621      6.00078      8.99431      5.86804      10.6696     0.613353     0.608775            0
5.99621      6.00078      8.99431      5.86804      10.6696     0.613353     0.608775            0
% Making Code # 3 = [0.00  0.00  0.76  0.24]
5.98705      6.00078      9.00347      14.7296      4.02341     0.613353      0.61793            0
5.99621      5.98705      8.99431       14.725      4.02341     0.613353     0.608775            0
5.98705      6.00078      9.00347      14.7296      4.03714     0.613353      0.61793            0
5.98705      6.00078      9.00347      14.7296      4.02341     0.613353     0.608775            0
5.99621      6.00078      9.02177      14.7296      4.02341     0.613353      0.61793            0
5.99621      5.98705      8.99431      14.7296      4.03714     0.613353     0.608775            0
5.98705      6.00078      8.99431      14.7296      4.02341     0.613353      0.61793            0
5.99621      6.00078      8.99431      14.7296      4.03714     0.613353     0.608775            0
5.99621      5.98705      8.99431      14.7296      4.03714     0.613353     0.608775            0
5.99621      6.00078      9.03551      14.7296      4.02341     0.613353     0.608775            0
5.99621      5.98705      8.97142      14.7296      4.02341     0.613353      0.61793            0
5.99621      6.00078      8.99431      14.7388      4.02341     0.613353     0.608775            0
5.99621      6.00078      9.00347      14.7296      4.02341     0.613353      0.61793            0
5.99621      6.00078      9.00804      14.7296      4.02341     0.613353      0.61793            0
5.99621      6.00078      9.00347      14.7296      4.02341     0.613353     0.608775            0
5.99621      6.00078      9.00347      14.7296      4.02341     0.613353      0.61793            0
5.98705      6.00078      9.00347      14.7296      4.03714     0.613353      0.61793            0
5.98705      5.98705      9.00347      14.7159      4.02341     0.613353      0.61793            0
5.98705      6.00078      8.99431      14.7159      4.03714     0.613353      0.61793            0
5.98705      5.98705      9.00347      14.7296      4.02341     0.613353     0.608775            0
5.99621      6.00078      9.00347      14.7296      4.02341     0.613353      0.61793            0
5.99621      5.98705      9.00347      14.7388      4.02341     0.613353      0.61793            0
5.99621      6.00078       9.0172      14.7296      4.02341     0.613353      0.61793            0
5.98705      6.00078      9.00347      14.7159      4.03714     0.613353      0.61793            0
5.99621      6.00078      9.00347      14.7296      4.02341     0.613353     0.608775            0
5.98705      6.00078      9.00347      14.7296      4.02341     0.613353     0.608775            0
5.99621      5.98705      8.99889      14.7296      4.03714     0.613353      0.61793            0
5.99621      5.98705      8.98058      14.7388      4.02341     0.613353      0.61793            0
5.99621      6.00078      8.99431      14.7296      4.03714     0.613353      0.61793            0
5.99621      6.00078      8.97142       14.725      4.03714     0.613353     0.608775            0
5.99621      5.98705      9.00347      14.7296      4.02341     0.613353      0.61793            0
5.99621      5.98705      9.01262      14.7296      4.02341     0.613353     0.608775            0
5.98705      6.00078      9.00347      14.7296      4.02341     0.613353      0.61793            0
6.00994      6.00078      8.99431      14.7296      4.02341     0.613353     0.608775            0
5.99621      6.00078      9.00347      14.7296      4.03714     0.613353     0.608775            0
5.99621      5.98705      8.99431       14.725      4.02341     0.613353      0.61793            0
5.99621      6.00078      9.02177      14.7296      4.03714     0.613353      0.61793            0
5.99621      5.98705      9.00347       14.725      4.03714     0.613353      0.61793            0
5.99621      5.98705      8.99431      14.7159      4.02341     0.613353      0.61793            0
5.99621      6.00078      8.99431      14.7296      4.02341     0.613353     0.608775            0
5.98705      6.00078      9.00347      14.7296      4.02341     0.613353     0.608775            0
5.99621      6.00078      9.00347      14.7296      4.02341     0.613353     0.608775            0
5.99621      5.98705      9.00347      14.7296      4.02341     0.613353      0.61793            0
5.99621      6.00078      8.94854      14.7296      4.02341     0.613353     0.608775            0
6.00994      6.00078      8.99431      14.7159      4.03714     0.613353     0.608775            0
5.99621      6.00078      8.99889      14.7296      4.02341     0.613353     0.608775            0
5.99621      6.00078      9.00347      14.7296      4.03714     0.613353     0.608775            0
5.99621      6.00078      9.00347      14.7296      4.03714     0.613353     0.608775            0
5.99621      5.98705      8.99431      14.7159      4.03714     0.613353      0.61793            0
5.99621      5.98705      8.99431      14.7388      4.03714     0.613353      0.61793            0
5.99621      6.00078      9.02635      14.7296      4.02341     0.613353     0.608775            0
5.99621      5.98705      8.99431      14.7296      4.03714     0.613353     0.608775            0
5.99621      6.00078        8.976      14.7296      4.03714     0.613353     0.608775            0
5.99621      6.00078      9.02635      14.7159      4.02341     0.613353      0.61793            0
5.99621      5.98705      9.00347      14.7159      4.02341     0.613353     0.608775            0
6.00994      6.00078      8.99431       14.725      4.02341     0.613353     0.608775            0
5.98705      6.00078      9.00347      14.7296      4.02341     0.613353      0.61793            0
5.99621      5.98705      9.00347      14.7296      4.03714     0.613353      0.61793            0
5.98705      6.00078      8.99431      14.7296      4.02341     0.613353      0.61793            0
5.98705      6.00078      9.00804      14.7296      4.02341     0.613353     0.608775            0
5.99621      6.00078      9.00347       14.725      4.03714     0.613353     0.608775            0
5.99621      6.00078      8.99889      14.7296      4.02341     0.613353      0.61793            0
6.00994      6.00078      9.00347      14.7296      4.03714     0.613353      0.61793            0
5.99621      5.98705      8.99431      14.7296      4.02341     0.613353     0.608775            0
5.99621      5.98705      8.99889      14.7296      4.02341     0.613353     0.608775            0
5.99621      6.00078      9.02635      14.7296      4.03714     0.613353      0.61793            0
5.99621      6.00078      8.99431      14.7296      4.03714     0.613353      0.61793            0
5.99621      6.00078      8.99431      14.7296      4.03714     0.613353      0.61793            0
5.99621      6.00078      8.99431      14.7296      4.03714     0.613353      0.61793            0
5.99621      5.98705      8.99431      14.7296      4.03714     0.613353     0.608775            0
5.98705      6.00078      8.99431      14.7159      4.02341     0.613353      0.61793            0
5.99621      5.98705      9.00347      14.7296      4.02341     0.613353      0.61793            0
5.99621      6.00078      9.03551      14.7159      4.02341     0.613353     0.608775            0
5.98705      5.98705      8.99431      14.7296      4.03714     0.613353      0.61793            0
5.98705      6.00078      8.99431      14.7296      4.03714     0.613353     0.608775            0
5.99621      6.00078      8.98058      14.7296      4.02341     0.613353      0.61793            0
5.99621      6.00078      8.99431      14.7296      4.02341     0.613353     0.608775            0
5.99621      5.98705      9.00347      14.7296      4.02341     0.613353     0.608775            0
5.99621      6.00078      9.02635      14.7296      4.02341     0.613353     0.608775            0
5.99621      6.00078      9.00347      14.7296      4.02341     0.613353      0.61793            0
5.99621      5.98705      8.98516      14.7296      4.02341     0.613353      0.61793            0
6.00994      6.00078      9.01262      14.7159      4.02341     0.613353     0.608775            0
5.99621      6.00078      9.00347      14.7388      4.02341     0.613353     0.608775            0
5.99621      6.00078      9.00347      14.7388      4.02341     0.613353      0.61793            0
5.98705      6.00078      8.98058      14.7296      4.03714     0.613353      0.61793            0
5.99621      5.98705      8.99431      14.7388      4.02341     0.613353     0.608775            0
5.98705      6.00078      8.99431      14.7296      4.02341     0.613353     0.608775            0
5.99621      6.00078      9.02635      14.7296      4.03714     0.613353      0.61793            0
5.98705      5.98705      9.02635      14.7296      4.02341     0.613353     0.608775            0
5.99621      6.00078      8.97142      14.7296      4.03714     0.613353      0.61793            0
5.98705      5.98705      9.02635      14.7296      4.03714     0.613353     0.608775            0
5.99621      6.00078      9.00347      14.7296      4.02341     0.613353     0.608775            0
5.99621      6.00078      8.97142      14.7296      4.02341     0.613353      0.61793            0
5.98705      6.00078      9.00347      14.7296      4.02341     0.613353     0.608775            0
5.99621      5.98705      9.00347      14.7296      4.02341     0.613353      0.61793            0
6.00994      6.00078      9.00347      14.7296      4.02341     0.613353      0.61793            0
% Making Code # 4 = [0.00  0.11  0.00  0.89]
5.98705      5.98705      9.01262      0.61793      13.0269     0.613353      2.29321            0
5.98705      6.00078      8.99889      0.61793      13.0269     0.613353      2.27947            0
5.99621      6.00078      9.00804     0.608775      13.0269     0.613353      2.29321            0
5.98705      6.00078       9.0172     0.608775      13.0269     0.613353      2.27947            0
5.98705      6.00078      9.00347      0.61793      13.0269     0.613353      2.27947            0
5.98705      5.98705      8.99889     0.608775      13.0269     0.613353      2.29321            0
5.98705      6.00078      9.00804     0.608775      13.0269     0.613353      2.29321            0
6.00994      6.00078      9.00347      0.61793      13.0269     0.613353      2.27947            0
5.98705      6.00078      9.00347     0.608775      13.0269     0.613353      2.27947            0
5.98705      5.98705      8.97142      0.61793      13.0269     0.613353      2.29321            0
5.99621      5.98705      8.98058      0.61793      13.0269     0.613353      2.27947            0
6.00994      5.98705      9.01262     0.608775      13.0269     0.613353      2.27947            0
5.98705      5.98705      9.03551      0.61793      13.0269     0.613353      2.27947            0
5.99621      6.00078      9.00347      0.61793      13.0269     0.613353      2.27947            0
5.98705      6.00078      8.98516      0.61793      13.0269     0.613353      2.27947            0
5.99621      6.00078      8.99431      0.61793      13.0269     0.613353      2.27947            0
5.99621      5.98705      8.99889      0.61793      13.0269     0.613353      2.29321            0
6.00994      6.00078      8.99431     0.608775      13.0269     0.613353      2.29321            0
5.99621      5.98705      9.00347     0.608775      13.0269     0.613353      2.29321            0
5.99621      5.98705      8.98516      0.61793      13.0269     0.613353      2.27947            0
6.00994      6.00078      9.00347     0.608775      13.0269     0.613353      2.27947            0
6.00994      6.00078      9.00347     0.608775      13.0269     0.613353      2.27947            0
5.98705      6.00078      8.99431     0.608775      13.0269     0.613353      2.27947            0
5.98705      6.00078      9.00347      0.61793      13.0269     0.613353      2.29321            0
5.99621      6.00078        8.976     0.608775      13.0269     0.613353      2.29321            0
5.98705      6.00078        8.976      0.61793      13.0269     0.613353      2.27947            0
5.99621      6.00078      9.00804     0.608775      13.0269     0.613353      2.27947            0
5.99621      6.00078      8.99431     0.608775      13.0269     0.613353      2.27947            0
5.98705      6.00078      8.99431     0.608775      13.0269     0.613353      2.29321            0
5.98705      5.98705      8.99431      0.61793      13.0269     0.613353      2.27947            0
5.98705      6.00078      8.98058     0.608775      13.0269     0.613353      2.27947            0
6.00994      5.98705      8.97142     0.608775      13.0269     0.613353      2.27947            0
5.99621      6.00078      8.98516      0.61793      13.0269     0.613353      2.27947            0
5.99621      5.98705      8.99889     0.608775      13.0269     0.613353      2.27947            0
6.00994      6.00078      9.02635      0.61793      13.0269     0.613353      2.27947            0
5.99621      6.00078      9.00347     0.608775      13.0269     0.613353      2.27947            0
5.99621      6.00078      9.00804      0.61793      13.0269     0.613353      2.27947            0
5.98705      6.00078      9.04466     0.608775      13.0269     0.613353      2.27947            0
5.99621      6.00078      9.02177      0.61793      13.0269     0.613353      2.27947            0
5.99621      6.00078      8.99889     0.608775      13.0269     0.613353      2.27947            0
5.99621      6.00078      8.98058      0.61793      13.0269     0.613353      2.27947            0
5.98705      5.98705      8.99889     0.608775      13.0269     0.613353      2.27947            0
5.98705      6.00078        8.976     0.608775      13.0269     0.613353      2.29321            0
5.99621      5.98705      8.99889     0.608775      13.0269     0.613353      2.29321            0
5.99621      6.00078      8.98516      0.61793      13.0269     0.613353      2.27947            0
5.99621      6.00078      9.00804     0.608775      13.0269     0.613353      2.27947            0
6.00994      6.00078      9.00804     0.608775      13.0269     0.613353      2.27947            0
5.99621      5.98705      9.00804      0.61793      13.0269     0.613353      2.27947            0
5.98705      6.00078      8.98058     0.608775      13.0269     0.613353      2.27947            0
5.99621      6.00078      9.00804     0.608775      13.0269     0.613353      2.29321            0
6.00994      6.00078      8.99431     0.608775      13.0269     0.613353      2.29321            0
6.00994      6.00078      9.00347     0.608775      13.0269     0.613353      2.27947            0
5.99621      6.00078      9.00804     0.608775      13.0269     0.613353      2.29321            0
5.99621      5.98705      8.98058      0.61793      13.0269     0.613353      2.29321            0
5.99621      6.00078      9.00347      0.61793      13.0269     0.613353      2.29321            0
5.99621      5.98705      8.99889      0.61793      13.0269     0.613353      2.27947            0
6.00994      5.98705      9.00347      0.61793      13.0269     0.613353      2.29321            0
5.98705      6.00078      8.99889     0.608775      13.0269     0.613353      2.27947            0
5.99621      6.00078      8.99889      0.61793      13.0269     0.613353      2.27947            0
5.99621      6.00078      8.99889     0.608775      13.0269     0.613353      2.27947            0
5.99621      6.00078      8.99889     0.608775      13.0269     0.613353      2.29321            0
5.99621      5.98705      8.97142      0.61793      13.0269     0.613353      2.29321            0
5.99621      6.00078      9.04466      0.61793      13.0269     0.613353      2.29321            0
5.99621      6.00078      8.99889      0.61793      13.0269     0.613353      2.27947            0
5.99621      6.00078      9.00347      0.61793      13.0269     0.613353      2.27947            0
6.00994      6.00078      8.98516     0.608775      13.0269     0.613353      2.27947            0
5.98705      6.00078      8.99889     0.608775      13.0269     0.613353      2.27947            0
5.99621      6.00078      9.00347      0.61793      13.0269     0.613353      2.27947            0
6.00994      6.00078      8.99431     0.608775      13.0269     0.613353      2.27947            0
5.98705      6.00078      8.98058      0.61793      13.0269     0.613353      2.27947            0
5.99621      6.00078      9.00804      0.61793      13.0269     0.613353      2.27947            0
5.98705      5.98705      8.99889     0.608775      13.0269     0.613353      2.29321            0
5.99621      6.00078      8.99431      0.61793      13.0269     0.613353      2.29321            0
6.00994      6.00078      8.99431     0.608775      13.0269     0.613353      2.27947            0
5.99621      6.00078      8.97142     0.608775      13.0269     0.613353      2.27947            0
5.99621      6.00078        8.976      0.61793      13.0269     0.613353      2.27947            0
5.99621      5.98705      8.99431      0.61793      13.0269     0.613353      2.27947            0
5.99621      5.98705      8.99889     0.608775      13.0269     0.613353      2.27947            0
5.98705      6.00078      8.99431      0.61793      13.0269     0.613353      2.27947            0
5.99621      5.98705      9.00804      0.61793      13.0269     0.613353      2.27947            0
5.99621      6.00078      9.00347      0.61793      13.0269     0.613353      2.29321            0
5.99621      6.00078      8.99431     0.608775      13.0269     0.613353      2.29321            0
5.98705      6.00078      8.98058     0.608775      13.0269     0.613353      2.29321            0
5.99621      6.00078      8.99889     0.608775      13.0269     0.613353      2.27947            0
5.99621      6.00078      9.00804      0.61793      13.0269     0.613353      2.27947            0
5.98705      6.00078      9.00347     0.608775      13.0269     0.613353      2.27947            0
5.99621      5.98705      8.99431      0.61793      13.0269     0.613353      2.27947            0
6.00994      5.98705      8.99889     0.608775      13.0269     0.613353      2.27947            0
5.99621      6.00078      8.99889     0.608775      13.0269     0.613353      2.27947            0
5.98705      6.00078      8.99889     0.608775      13.0269     0.613353      2.27947            0
5.99621      5.98705       9.0172      0.61793      13.0269     0.613353      2.27947            0
6.00994      6.00078      9.03551      0.61793      13.0269     0.613353      2.29321            0
5.99621      6.00078      9.04008      0.61793      13.0269     0.613353      2.29321            0
5.98705      6.00078      9.00347     0.608775      13.0269     0.613353      2.27947            0
5.98705      5.98705      9.00347      0.61793      13.0269     0.613353      2.27947            0
5.99621      5.98705      8.98058     0.608775      13.0269     0.613353      2.27947            0
% Making Code # 5 = [0.00  0.11  0.28  0.61]
5.9871      6.0008      9.0264       5.868      9.0859     0.61335      2.2932           0
5.9962      6.0008      8.9943       5.868      9.0859     0.61335      2.2795           0
5.9871      6.0008      8.9943      5.8772      9.0859     0.61335      2.2932           0
5.9962      6.0008      9.0035       5.868      9.0859     0.61335      2.2795           0
5.9871      5.9871      8.9943      5.8772      9.0859     0.61335      2.2795           0
5.9962      6.0008      8.9943       5.868      9.0859     0.61335      2.2932           0
6.0099      6.0008      9.0035       5.868      9.0859     0.61335      2.2795           0
6.0099      6.0008      9.0264       5.868      9.0859     0.61335      2.2795           0
5.9962      6.0008      8.9806      5.8589      9.0859     0.61335      2.2932           0
5.9962      6.0008      9.0264      5.8726      9.0859     0.61335      2.2795           0
5.9871      5.9871      8.9943       5.868      9.0859     0.61335      2.2795           0
5.9962      5.9871      9.0264      5.8772      9.0859     0.61335      2.2932           0
5.9962      5.9871      8.9806       5.868      9.0859     0.61335      2.2795           0
5.9871      6.0008       9.008       5.868      9.0859     0.61335      2.2795           0
5.9962      6.0008      9.0035      5.8772      9.0859     0.61335      2.2932           0
5.9871      6.0008      8.9943       5.868      9.0859     0.61335      2.2795           0
5.9962      5.9871      9.0035      5.8726      9.0859     0.61335      2.2795           0
5.9962      6.0008      8.9943      5.8772      9.0859     0.61335      2.2932           0
6.0099      6.0008      8.9943      5.8772      9.0859     0.61335      2.2795           0
5.9962      5.9871      8.9806       5.868      9.0859     0.61335      2.2932           0
5.9871      6.0008      8.9943      5.8772      9.0859     0.61335      2.2795           0
5.9962      6.0008      9.0035      5.8726      9.0859     0.61335      2.2795           0
5.9871      5.9871      9.0401      5.8589      9.0859     0.61335      2.2932           0
5.9962      6.0008      8.9806       5.868      9.0859     0.61335      2.2795           0
5.9871      6.0008      9.0035      5.8589      9.0859     0.61335      2.2795           0
5.9962      5.9871      8.9943       5.868      9.0859     0.61335      2.2795           0
5.9962      6.0008      8.9852      5.8589      9.0859     0.61335      2.2795           0
5.9962      6.0008      8.9577       5.868      9.0859     0.61335      2.2932           0
5.9871      5.9871      9.0035       5.868      9.0859     0.61335      2.2795           0
5.9962      5.9871      8.9943       5.868      9.0859     0.61335      2.2932           0
5.9871      5.9871      8.9943       5.868      9.0859     0.61335      2.2795           0
5.9962      6.0008      8.9943      5.8589      9.0859     0.61335      2.2795           0
5.9962      6.0008      8.9943       5.868      9.0859     0.61335      2.2795           0
6.0099      6.0008      9.0035      5.8726      9.0859     0.61335      2.2795           0
5.9962      6.0008      8.9943       5.868      9.0859     0.61335      2.2795           0
5.9871      6.0008      9.0035       5.868      9.0859     0.61335      2.2795           0
5.9962      5.9871      9.0035      5.8772      9.0859     0.61335      2.2932           0
5.9962      6.0008      8.9852       5.868      9.0859     0.61335      2.2932           0
6.0099      6.0008      8.9806      5.8772      9.0859     0.61335      2.2795           0
5.9962      6.0008      8.9943      5.8772      9.0859     0.61335      2.2795           0
5.9962      5.9871      8.9943      5.8726      9.0859     0.61335      2.2795           0
5.9962      6.0008      8.9943       5.868      9.0859     0.61335      2.2795           0
5.9962      6.0008      9.0035      5.8772      9.0859     0.61335      2.2932           0
5.9962      5.9871      9.0035      5.8589      9.0859     0.61335      2.2932           0
5.9962      6.0008      8.9943       5.868      9.0859     0.61335      2.2795           0
5.9962      5.9871      8.9943       5.868      9.0859     0.61335      2.2932           0
5.9962      5.9871      9.0172      5.8726      9.0859     0.61335      2.2795           0
5.9962      6.0008      9.0035      5.8726      9.0859     0.61335      2.2932           0
5.9871      6.0008       8.976      5.8589      9.0859     0.61335      2.2932           0
5.9871      5.9871      9.0264      5.8726      9.0859     0.61335      2.2795           0
5.9962      6.0008      8.9943       5.868      9.0859     0.61335      2.2932           0
5.9962      6.0008      9.0035       5.868      9.0859     0.61335      2.2795           0
5.9962      6.0008      8.9714       5.868      9.0859     0.61335      2.2795           0
5.9962      6.0008      8.9943      5.8772      9.0859     0.61335      2.2795           0
5.9962      5.9871      9.0035      5.8589      9.0859     0.61335      2.2795           0
5.9871      5.9871      9.0035       5.868      9.0859     0.61335      2.2932           0
5.9962      6.0008      9.0035      5.8726      9.0859     0.61335      2.2932           0
5.9962      6.0008      8.9943       5.868      9.0859     0.61335      2.2932           0
5.9962      5.9871      8.9852       5.868      9.0859     0.61335      2.2795           0
5.9871      5.9871      9.0035       5.868      9.0859     0.61335      2.2932           0
5.9871      6.0008      8.9943       5.868      9.0859     0.61335      2.2932           0
5.9962      6.0008       8.976       5.868      9.0859     0.61335      2.2795           0
6.0099      6.0008      8.9806       5.868      9.0859     0.61335      2.2795           0
5.9962      6.0008      8.9806      5.8726      9.0859     0.61335      2.2932           0
5.9962      5.9871      8.9943       5.868      9.0859     0.61335      2.2932           0
5.9962      6.0008      9.0035       5.868      9.0859     0.61335      2.2795           0
5.9962      6.0008      9.0035      5.8726      9.0859     0.61335      2.2795           0
5.9962      5.9871      9.0035      5.8726      9.0859     0.61335      2.2932           0
5.9962      6.0008      9.0035       5.868      9.0859     0.61335      2.2795           0
5.9871      6.0008      9.0172      5.8726      9.0859     0.61335      2.2932           0
5.9871      6.0008       9.008      5.8589      9.0859     0.61335      2.2795           0
5.9962      6.0008      8.9943       5.868      9.0859     0.61335      2.2795           0
5.9871      5.9871      9.0035      5.8589      9.0859     0.61335      2.2795           0
5.9871      6.0008      8.9943      5.8772      9.0859     0.61335      2.2795           0
6.0099      6.0008      8.9943       5.868      9.0859     0.61335      2.2795           0
5.9962      5.9871      8.9943      5.8589      9.0859     0.61335      2.2795           0
6.0099      5.9871      8.9943      5.8772      9.0859     0.61335      2.2795           0
5.9962      5.9871      9.0264      5.8589      9.0859     0.61335      2.2932           0
6.0099      5.9871      9.0035       5.868      9.0859     0.61335      2.2795           0
5.9962      5.9871      8.9943      5.8772      9.0859     0.61335      2.2795           0
5.9871      6.0008      9.0035      5.8772      9.0859     0.61335      2.2932           0
5.9962      6.0008      8.9943       5.868      9.0859     0.61335      2.2795           0
6.0099      6.0008      9.0035      5.8589      9.0859     0.61335      2.2795           0
5.9962      6.0008      8.9806      5.8772      9.0859     0.61335      2.2932           0
5.9962      6.0008      8.9989      5.8589      9.0859     0.61335      2.2932           0
5.9962      6.0008      8.9852       5.868      9.0859     0.61335      2.2795           0
6.0099      6.0008      8.9623       5.868      9.0859     0.61335      2.2932           0
5.9962      6.0008      8.9943      5.8726      9.0859     0.61335      2.2795           0
5.9871      6.0008      9.0035       5.868      9.0859     0.61335      2.2795           0
5.9871      6.0008      9.0035       5.868      9.0859     0.61335      2.2795           0
5.9962      6.0008      9.0035       5.868      9.0859     0.61335      2.2795           0
5.9871      6.0008      8.9943      5.8772      9.0859     0.61335      2.2932           0
5.9962      6.0008      8.9943      5.8589      9.0859     0.61335      2.2932           0
5.9962      5.9871      8.9943       5.868      9.0859     0.61335      2.2795           0
5.9871      5.9871      8.9943       5.868      9.0859     0.61335      2.2795           0
5.9962      6.0008      9.0309      5.8726      9.0859     0.61335      2.2795           0
% Making Code # 6 = [0.00  0.11  0.76  0.13]
5.99621      5.98705      9.00347       14.725       2.4351     0.613353      2.27947            0
5.98705      6.00078      9.00347       14.725       2.4351     0.613353      2.29321            0
5.98705      6.00078      8.97142      14.7388      2.44883     0.613353      2.27947            0
5.99621      6.00078        8.976      14.7159       2.4351     0.613353      2.29321            0
5.98705      6.00078      9.00347      14.7296      2.44883     0.613353      2.27947            0
5.99621      5.98705      9.04924      14.7388      2.44883     0.613353      2.27947            0
5.99621      5.98705      9.00347       14.725       2.4351     0.613353      2.27947            0
5.99621      6.00078      8.99431      14.7159      2.44883     0.613353      2.29321            0
5.99621      5.98705      8.99431      14.7388      2.44883     0.613353      2.27947            0
5.99621      6.00078      9.02635      14.7296      2.44883     0.613353      2.27947            0
5.99621      6.00078      9.00804       14.725       2.4351     0.613353      2.29321            0
5.99621      6.00078      9.00804      14.7296       2.4351     0.613353      2.29321            0
5.99621      5.98705      9.00347      14.7296       2.4351     0.613353      2.29321            0
5.98705      6.00078      8.98516      14.7388       2.4351     0.613353      2.27947            0
5.98705      6.00078      9.00347      14.7388      2.44883     0.613353      2.29321            0
5.99621      6.00078      9.00347       14.725      2.44883     0.613353      2.27947            0
5.99621      6.00078      8.99431       14.725      2.44883     0.613353      2.27947            0
5.99621      6.00078       9.0172      14.7296       2.4351     0.613353      2.27947            0
5.99621      6.00078      9.00347      14.7296       2.4351     0.613353      2.27947            0
5.99621      5.98705      9.02635       14.725      2.44883     0.613353      2.27947            0
5.98705      6.00078      8.99431       14.725      2.44883     0.613353      2.27947            0
5.99621      6.00078      8.99431       14.725       2.4351     0.613353      2.29321            0
5.98705      6.00078      9.00347       14.725       2.4351     0.613353      2.29321            0
5.99621      6.00078      9.00347       14.725       2.4351     0.613353      2.29321            0
6.00994      6.00078      8.98058       14.725      2.44883     0.613353      2.27947            0
5.98705      6.00078      8.98058       14.725      2.44883     0.613353      2.27947            0
5.99621      6.00078      8.98516       14.725      2.44883     0.613353      2.27947            0
5.99621      6.00078      9.00347      14.7388       2.4351     0.613353      2.29321            0
5.98705      6.00078      9.00347      14.7388      2.44883     0.613353      2.29321            0
5.99621      5.98705      9.00347      14.7159      2.44883     0.613353      2.29321            0
5.99621      5.98705      9.00347       14.725      2.44883     0.613353      2.29321            0
5.98705      6.00078      8.97142      14.7296       2.4351     0.613353      2.27947            0
5.99621      5.98705      9.00347      14.7159      2.44883     0.613353      2.27947            0
5.98705      6.00078      9.00347       14.725       2.4351     0.613353      2.27947            0
5.98705      6.00078      9.02177      14.7388      2.44883     0.613353      2.27947            0
5.99621      5.98705      8.99431      14.7296       2.4351     0.613353      2.29321            0
5.98705      6.00078      9.00347      14.7296      2.44883     0.613353      2.27947            0
5.99621      5.98705      8.99431       14.725      2.44883     0.613353      2.27947            0
6.00994      6.00078      9.03093      14.7296      2.44883     0.613353      2.27947            0
5.99621      6.00078      9.00347      14.7388       2.4351     0.613353      2.27947            0
5.99621      6.00078      8.95769      14.7296      2.44883     0.613353      2.27947            0
6.00994      5.98705      8.98058       14.725      2.44883     0.613353      2.27947            0
5.99621      5.98705      9.00347      14.7159       2.4351     0.613353      2.29321            0
6.00994      5.98705      8.99431      14.7159      2.44883     0.613353      2.27947            0
5.98705      6.00078      9.00347      14.7159      2.44883     0.613353      2.27947            0
5.99621      5.98705      9.00347      14.7296      2.44883     0.613353      2.27947            0
5.98705      6.00078      8.99431      14.7296      2.44883     0.613353      2.27947            0
5.99621      6.00078      8.99431      14.7159       2.4351     0.613353      2.27947            0
6.00994      6.00078      9.00347       14.725      2.44883     0.613353      2.27947            0
5.99621      6.00078      9.00347      14.7296       2.4351     0.613353      2.29321            0
5.99621      5.98705      8.98058      14.7388      2.44883     0.613353      2.27947            0
5.98705      6.00078      8.99431      14.7388       2.4351     0.613353      2.27947            0
5.99621      6.00078      9.00347      14.7388      2.44883     0.613353      2.27947            0
5.99621      6.00078      9.00347      14.7388       2.4351     0.613353      2.27947            0
5.99621      6.00078      8.99431      14.7296       2.4351     0.613353      2.29321            0
5.99621      6.00078      8.99431      14.7388      2.44883     0.613353      2.27947            0
5.99621      5.98705      8.98058      14.7296       2.4351     0.613353      2.29321            0
5.99621      6.00078      8.98058      14.7296      2.44883     0.613353      2.27947            0
5.99621      6.00078      8.99431      14.7296      2.44883     0.613353      2.27947            0
5.98705      6.00078      9.00347      14.7296      2.44883     0.613353      2.27947            0
5.99621      5.98705      9.00347      14.7296      2.44883     0.613353      2.27947            0
5.99621      5.98705      8.98516       14.725      2.44883     0.613353      2.27947            0
5.99621      5.98705      9.00347      14.7296      2.44883     0.613353      2.29321            0
5.99621      6.00078       9.0172      14.7296      2.44883     0.613353      2.29321            0
5.98705      6.00078      9.00347      14.7388      2.44426     0.613353      2.27947            0
6.00994      6.00078      9.03093      14.7296      2.44883     0.613353      2.27947            0
5.98705      6.00078      8.99431      14.7388      2.44883     0.613353      2.29321            0
6.00994      6.00078      9.02635       14.725      2.44883     0.613353      2.27947            0
5.99621      6.00078        8.976      14.7296       2.4351     0.613353      2.29321            0
5.98705      6.00078      9.02635      14.7388      2.44883     0.613353      2.27947            0
5.98705      5.98705      8.98058      14.7296      2.44883     0.613353      2.27947            0
5.98705      6.00078      8.98058       14.725      2.44883     0.613353      2.27947            0
6.00994      6.00078      8.98058      14.7296      2.44883     0.613353      2.27947            0
6.00994      6.00078      8.99431       14.725       2.4351     0.613353      2.27947            0
5.99621      6.00078      8.99431      14.7296       2.4351     0.613353      2.27947            0
5.98705      5.98705      8.99431      14.7159      2.44883     0.613353      2.27947            0
5.98705      5.98705      8.99431      14.7296       2.4351     0.613353      2.29321            0
5.98705      5.98705      9.00347      14.7159       2.4351     0.613353      2.27947            0
5.98705      6.00078      8.98058      14.7159      2.44883     0.613353      2.27947            0
5.99621      5.98705      8.98058      14.7296      2.44883     0.613353      2.29321            0
6.00994      6.00078      9.00347      14.7159       2.4351     0.613353      2.27947            0
5.98705      6.00078      9.00347       14.725      2.44883     0.613353      2.27947            0
5.99621      5.98705      8.99431      14.7296       2.4351     0.613353      2.29321            0
5.99621      6.00078      8.98516       14.725       2.4351     0.613353      2.27947            0
5.99621      6.00078      9.00347      14.7296      2.44883     0.613353      2.27947            0
5.98705      6.00078      9.00347      14.7296       2.4351     0.613353      2.27947            0
5.99621      5.98705      9.00347      14.7296      2.44883     0.613353      2.27947            0
6.00994      6.00078      9.00347      14.7388      2.44883     0.613353      2.29321            0
5.99621      6.00078      9.00347      14.7296       2.4351     0.613353      2.27947            0
5.98705      6.00078      8.99431      14.7388      2.44883     0.613353      2.27947            0
6.00994      5.98705      8.99431      14.7296      2.44883     0.613353      2.27947            0
5.99621      6.00078      9.00347      14.7388       2.4351     0.613353      2.27947            0
5.99621      5.98705      9.02635       14.725       2.4351     0.613353      2.27947            0
5.99621      6.00078        8.976       14.725      2.44883     0.613353      2.27947            0
5.98705      5.98705      9.00347      14.7296      2.44883     0.613353      2.27947            0
6.00994      6.00078      9.00347      14.7296       2.4351     0.613353      2.27947            0
% Making Code # 7 = [0.00  0.32  0.00  0.68]
5.99621      6.00078      9.00804      0.61793       10.102     0.613353      5.36912            0
5.99621      6.00078      9.00347     0.608775      10.0883     0.613353      5.36912            0
6.00994      6.00078       9.0172     0.608775      10.0883     0.608775      5.36912            0
5.99621      6.00078      9.04924     0.608775      10.0883     0.613353      5.36912            0
5.98705      6.00078      9.00347     0.608775      10.0883     0.613353      5.36912            0
5.99621      5.98705      9.00347      0.61793      10.0883     0.613353      5.36912            0
5.99621      6.00078      8.97142     0.608775      10.0883     0.613353      5.36912            0
5.99621      5.98705      8.99431      0.61793      10.0883     0.613353      5.36912            0
5.98705      6.00078      8.99431      0.61793      10.0883     0.613353      5.36912            0
6.00994      5.98705      8.99431      0.61793      10.0883     0.613353      5.36912            0
5.99621      6.00078      9.00347     0.599621      10.0883     0.613353      5.36912            0
5.98705      6.00078        8.976      0.61793      10.0883     0.613353      5.36912            0
5.99621      6.00078      9.05839     0.608775       10.102     0.613353      5.36912            0
5.99621      5.98705      9.00347      0.61793      10.0883     0.613353      5.36912            0
5.99621      6.00078      8.98058      0.61793      10.0883     0.613353      5.36912            0
5.99621      6.00078      9.00347      0.61793      10.0883     0.613353      5.36912            0
5.99621      6.00078      9.00347     0.608775      10.0883     0.613353      5.36912            0
5.98705      6.00078      8.99431      0.61793      10.0883     0.613353      5.36912            0
5.98705      6.00078      8.99889      0.61793       10.102     0.613353      5.36912            0
5.99621      5.98705      9.00347      0.61793       10.102     0.608775      5.36912            0
5.99621      5.98705      8.98058     0.608775      10.0883     0.613353      5.36912            0
5.98705      6.00078      9.00347     0.608775       10.102     0.613353      5.36912            0
5.98705      6.00078      8.99431     0.608775       10.102     0.613353      5.36912            0
5.99621      6.00078      8.99431     0.608775       10.102     0.613353      5.36912            0
5.99621      5.98705      8.98516      0.61793      10.0883     0.613353      5.36912            0
5.99621      6.00078      9.00347      0.61793       10.102     0.613353      5.36912            0
5.99621      5.98705      9.00347     0.608775      10.0883     0.613353      5.36912            0
5.99621      5.98705      9.00347     0.608775      10.0883     0.613353      5.36912            0
5.98705      6.00078      8.99431      0.61793      10.0883     0.613353      5.36912            0
5.99621      5.98705      8.99431      0.61793       10.102     0.613353      5.36912            0
5.98705      6.00078      9.00347      0.61793       10.102     0.613353      5.36912            0
5.98705      6.00078      9.00347     0.608775       10.102     0.613353      5.36912            0
5.98705      6.00078      8.95312     0.608775       10.102     0.613353      5.36912            0
5.99621      5.98705       9.0172      0.61793      10.0883     0.613353      5.36912            0
5.99621      6.00078      8.98516     0.608775       10.102     0.613353      5.36912            0
5.99621      6.00078        8.976      0.61793      10.0883     0.613353      5.36912            0
5.98705      6.00078      8.98058      0.61793      10.0883     0.613353      5.36912            0
6.00994      6.00078      8.99431      0.61793       10.102     0.613353      5.36912            0
5.98705      6.00078      9.00347      0.61793      10.0883     0.613353      5.36912            0
6.00994      5.98705      8.97142     0.608775      10.0883     0.613353      5.36912            0
5.99621      6.00078        8.976     0.608775      10.0883     0.613353      5.36912            0
5.98705      6.00078       9.0172     0.608775      10.0883     0.613353      5.36912            0
5.99621      6.00078      9.04008      0.61793      10.0883     0.613353      5.36912            0
6.00994      6.00078      8.98058     0.608775      10.0883     0.613353      5.36912            0
6.00994      6.00078      9.00347     0.608775      10.0883     0.613353      5.36912            0
6.00994      5.98705      9.00347      0.61793      10.0883     0.613353      5.36912            0
5.99621      6.00078      8.98058     0.608775      10.0883     0.613353      5.36912            0
5.99621      6.00078      8.97142      0.61793      10.0883     0.613353      5.36912            0
5.99621      5.98705      9.00347     0.608775      10.0883     0.613353      5.36912            0
5.99621      6.00078      8.99431      0.61793      10.0883     0.613353      5.36912            0
6.00994      6.00078      9.00347      0.61793      10.0883     0.613353      5.36912            0
5.99621      6.00078      8.98516      0.61793      10.0883     0.613353      5.36912            0
6.00994      6.00078      9.00347     0.608775      10.0883     0.613353      5.36912            0
5.99621      5.98705      8.98058      0.61793       10.102     0.613353      5.36912            0
5.98705      5.98705      9.00347      0.61793       10.102     0.613353      5.36912            0
5.99621      6.00078      8.99431     0.608775       10.102     0.613353      5.36912            0
5.99621      5.98705      8.98973     0.608775      10.0883     0.613353      5.36912            0
5.99621      6.00078      8.99431      0.61793       10.102     0.613353      5.36912            0
5.99621      5.98705      9.01262      0.61793       10.102     0.613353      5.36912            0
5.99621      5.98705      9.00347     0.608775       10.102     0.613353      5.36912            0
5.99621      5.98705      9.00347     0.608775      10.0883     0.613353      5.36912            0
6.00994      6.00078      8.99431      0.61793      10.0883     0.613353      5.36912            0
5.99621      6.00078      8.98058      0.61793       10.102     0.613353      5.36912            0
5.98705      5.98705      8.98516     0.608775      10.0883     0.613353      5.36912            0
5.99621      6.00078      8.99431      0.61793      10.0883     0.613353      5.36912            0
6.00994      6.00078       9.0172     0.608775       10.102     0.613353      5.36912            0
5.99621      5.98705      9.00347      0.61793      10.0883     0.613353      5.36912            0
5.99621      5.98705       9.0172      0.61793       10.102     0.613353      5.36912            0
6.00994      5.98705      8.99431      0.61793      10.0883     0.613353      5.36912            0
5.99621      6.00078      8.99431     0.608775       10.102     0.613353      5.36912            0
5.99621      6.00078      9.00347      0.61793      10.0883     0.613353      5.36912            0
5.99621      5.98705      9.03551      0.61793      10.0883     0.613353      5.36912            0
5.98705      6.00078      9.00347      0.61793      10.0883     0.613353      5.36912            0
5.98705      6.00078      9.00347     0.608775       10.102     0.613353      5.36912            0
6.00994      6.00078       9.0172     0.608775      10.0883     0.613353      5.36912            0
6.00994      6.00078      15.2056      0.61793      10.0883     0.613353      5.36912            0
6.00994      6.00078      15.0546     0.608775      10.0883     0.613353      5.36912            0
5.99621      6.00078      15.0043      0.61793      10.0883     0.608775      5.36912            0
5.98705      6.00078      15.0043      0.61793      10.0883     0.613353      5.36912            0
5.99621      5.98705      15.0043      0.61793      10.0883     0.613353      5.36912            0
5.99621      5.98705      15.0226     0.608775      10.0791     0.613353      5.36912            0
5.99621      5.98705      15.0043      0.61793      10.0883     0.613353      5.36912            0
6.00994      6.00078      15.0043     0.608775       10.102     0.613353      5.36912            0
6.00994      5.98705      15.0043     0.608775      10.0883     0.613353      5.36912            0
5.99621      5.98705      14.9722      0.61793      10.0883     0.613353      5.36912            0
5.99621      6.00078      14.9951     0.608775      10.0883     0.613353      5.35997            0
5.99621      5.98705      14.9676     0.608775       10.102     0.613353      5.36912            0
6.00994      5.98705       15.018     0.608775       10.102     0.613353      5.36912            0
5.99621      5.98705      15.0043      0.61793      10.0791     0.613353      5.36912            0
5.98705      6.00078      14.9951     0.608775      10.0883     0.613353      5.36912            0
5.99621      6.00078      14.9814     0.608775       10.102     0.613353      5.36912            0
5.99621      5.98705      14.9951     0.608775      10.0883     0.613353      5.36912            0
5.99621      6.00078      15.0043      0.61793      10.0929     0.613353      5.36912            0
5.98705      5.98705      14.9814     0.608775       10.102     0.613353      5.36912            0
5.99621      6.00078      14.9585      0.61793       10.102     0.613353      5.36912            0
