17-Jul-2014 12:27:28
D:\Secondlife-32\Matlab\BeadSynthesizerV3.0\Scripts\PressureLog_20140717-01.txt
% Making Code # 1 = [0.00  0.00  0.00  1.00]
6.00078      5.49271      8.99889     0.608775       14.606     0.608775     0.608775            0
5.99163      5.50644      9.02635      0.61793      14.6152      0.61793     0.608775            0
6.00078      5.49271        8.976     0.608775       14.606     0.608775     0.608775            0
5.99163      5.49271      8.99889      0.61793       14.606     0.608775     0.608775            0
6.00078      5.50644      8.99889      0.61793      14.6015     0.608775     0.608775            0
6.00078      5.50644      8.97142      0.61793       14.606     0.608775     0.608775            0
6.00078      5.49271      9.01262      0.61793       14.606     0.608775     0.608775            0
5.99163      5.50644      8.99889     0.608775       14.606     0.608775     0.608775            0
6.00078      5.49271      8.98973      0.61793       14.606      0.61793      0.61793            0
6.00078      5.49271      8.99889     0.608775      14.6152      0.61793     0.608775            0
6.00078      5.50644      9.03093     0.608775      14.6015      0.61793      0.61793            0
5.99163      5.49271      8.99889     0.608775      14.6152      0.61793     0.608775            0
6.00078      5.50644      8.97142      0.61793      14.6152     0.608775     0.608775            0
5.99163      5.49271      8.99889      0.61793      14.6152     0.608775      0.61793            0
5.99163      5.49271      8.99889      0.61793       14.606      0.61793     0.608775            0
6.00078      5.49271      8.99889      0.61793       14.606      0.61793     0.608775            0
5.99163      5.50644      8.99889      0.61793      14.6152     0.608775      0.61793            0
6.00078      5.50644      8.98516      0.61793      14.6152     0.608775      0.61793            0
5.99163      5.49271      8.99889     0.608775      14.6152      0.61793     0.608775            0
5.99163      5.49271      8.99889      0.61793       14.606      0.61793      0.61793            0
5.9779      5.49271      8.99889      0.61793      14.6152     0.608775     0.608775            0
6.00078      5.49271      9.01262     0.608775      14.6152     0.608775     0.608775            0
5.99163      5.49271      8.97142      0.61793       14.606     0.608775     0.608775            0
5.99163      5.49271      8.99889      0.61793       14.606      0.61793     0.608775            0
5.99163      5.49271      8.99889      0.61793       14.606     0.608775     0.608775            0
6.00078      5.50644      8.99889     0.608775       14.606      0.61793     0.608775            0
5.99163      5.49271      9.01262     0.608775      14.6152      0.61793     0.608775            0
6.00078      5.49271      8.99889     0.608775      14.6152     0.608775     0.608775            0
6.00078      5.49271      8.99889      0.61793       14.606     0.608775      0.61793            0
6.00078      5.49271      8.99889     0.608775      14.6152      0.61793     0.608775            0
5.99163      5.49271      8.99889      0.61793       14.606      0.61793      0.61793            0
6.00078      5.49271      8.99889      0.61793      14.6152      0.61793     0.608775            0
5.99163      5.49271      8.99889      0.61793       14.606      0.61793     0.608775            0
5.99163      5.49271      8.98516     0.608775       14.606     0.608775     0.608775            0
6.00078      5.49271      8.96685      0.61793       14.606     0.608775      0.61793            0
6.00078      5.49271      8.99889     0.608775       14.606      0.61793     0.608775            0
6.00078      5.50644      8.98058     0.608775      14.6152      0.61793      0.61793            0
6.00078      5.49271      8.98516      0.61793      14.6152      0.61793     0.608775            0
6.00078      5.49271      8.97142     0.608775       14.606     0.608775      0.61793            0
6.00078      5.49271      8.99889     0.608775      14.6152     0.608775      0.61793            0
6.00078      5.50644      9.01262      0.61793       14.606     0.608775      0.61793            0
6.00078      5.49271      8.99889      0.61793      14.6152      0.61793      0.61793            0
5.99163      5.49271      9.01262     0.608775      14.6152     0.608775      0.61793            0
6.00078      5.49271      8.99889      0.61793      14.6152      0.61793     0.608775            0
6.00078      5.50644      8.96685     0.608775      14.6152     0.608775      0.61793            0
6.00078      5.49271      9.02635      0.61793      14.6152     0.608775      0.61793            0
5.99163      5.49271      8.99889      0.61793      14.6152      0.61793      0.61793            0
6.00078      5.49271      9.02635      0.61793      14.6015     0.608775      0.61793            0
6.00078      5.49271      8.99889      0.61793      14.6152      0.61793     0.608775            0
5.99163      5.49271      9.01262     0.608775       14.606      0.61793     0.608775            0
6.00078      5.49271      9.02177     0.608775       14.606     0.608775     0.608775            0
6.00078      5.49271      9.01262      0.61793       14.606     0.608775      0.61793            0
6.00078      5.49271      8.98973      0.61793       14.606      0.61793     0.608775            0
5.99163      5.49271      8.99889      0.61793       14.606     0.608775      0.61793            0
6.00078      5.49271      9.02635      0.61793      14.6152      0.61793     0.608775            0
5.99163      5.49271      8.99431      0.61793      14.6152      0.61793     0.608775            0
6.00078      5.49271      8.99889      0.61793      14.6152     0.608775     0.608775            0
6.00078      5.49271      8.99889     0.608775       14.606      0.61793      0.61793            0
6.00078      5.49271      8.99889     0.608775       14.606     0.608775     0.608775            0
6.00078      5.49271      8.99889      0.61793       14.606     0.608775     0.608775            0
5.99163      5.49271      8.96227     0.608775      14.6152      0.61793     0.608775            0
5.99163      5.49271      9.02177      0.61793      14.6152     0.608775     0.608775            0
5.99163      5.49271      8.99889      0.61793       14.606      0.61793     0.608775            0
6.00078      5.49271      8.96685      0.61793       14.606     0.608775     0.608775            0
5.99163      5.49271      8.98516     0.608775       14.606     0.608775     0.608775            0
6.00078      5.49271      8.99889      0.61793      14.6152     0.608775     0.608775            0
6.00078      5.49271      8.98973      0.61793      14.6152      0.61793     0.608775            0
5.99163      5.49271      8.96685      0.61793      14.6152     0.608775      0.61793            0
5.99163      5.49271      9.01262     0.608775      14.6152     0.608775     0.608775            0
6.00078      5.49271      8.98973      0.61793      14.6152      0.61793      0.61793            0
6.00078      5.49271      8.99431     0.608775       14.606     0.608775      0.61793            0
5.99163      5.49271      8.99889     0.608775       14.606      0.61793     0.608775            0
6.00078      5.49271      8.99889      0.61793       14.606     0.608775      0.61793            0
5.99163      5.50644      8.99889     0.608775      14.6152      0.61793      0.61793            0
5.99163      5.50644      8.99889      0.61793       14.606     0.608775      0.61793            0
6.00078      5.49271      8.99889     0.608775       14.606      0.61793     0.608775            0
6.00078      5.49271      8.98973     0.608775      14.6152      0.61793      0.61793            0
6.00078      5.50644      8.99889     0.608775       14.606     0.608775     0.608775            0
6.00078      5.49271      8.99889     0.608775      14.6152      0.61793      0.61793            0
5.99163      5.49271      9.01262     0.608775       14.606     0.608775     0.608775            0
5.99163      5.49271      9.01262     0.608775       14.606     0.608775     0.608775            0
6.00078      5.50644      8.99431      0.61793       14.606      0.61793     0.608775            0
5.99163      5.50644      8.99889     0.608775      14.6015      0.61793      0.61793            0
5.99163      5.49271      8.99889     0.608775      14.6152      0.61793      0.61793            0
5.99163      5.49271      8.99889     0.608775      14.6152      0.61793      0.61793            0
5.99163      5.49271      9.01262     0.608775       14.606     0.608775     0.608775            0
6.00078      5.50644      8.99889      0.61793       14.606      0.61793     0.608775            0
5.99163      5.50644      8.99889     0.608775      14.6152      0.61793      0.61793            0
6.00078      5.49271      8.99889      0.61793      14.6152     0.608775     0.608775            0
6.00078      5.50644      8.99889     0.608775      14.6152      0.61793      0.61793            0
6.00078      5.49271      8.99889      0.61793       14.606     0.608775     0.608775            0
6.00078      5.50644      8.98516     0.608775      14.6152     0.608775     0.608775            0
6.00078      5.49271      8.98516      0.61793       14.606      0.61793     0.608775            0
5.99163      5.49271      8.99889     0.608775      14.6152     0.608775      0.61793            0
6.00078      5.49271      8.98973     0.608775       14.606      0.61793      0.61793            0
6.00078      5.50644      8.99889     0.608775      14.6152      0.61793     0.608775            0
% Making Code # 2 = [0.25  0.00  0.00  0.75]
6.00078      5.50644      8.99889     0.608775      11.1136      4.35755      0.61793            0
5.99163      5.49271      8.98516     0.608775      11.1136      4.35755     0.608775            0
6.00078      5.49271      9.01262      0.61793      11.1136      4.35755      0.61793            0
6.00078      5.50644      8.99889      0.61793      11.1136       4.3667      0.61793            0
6.00078      5.49271      8.99889      0.61793      11.1136      4.35755      0.61793            0
5.99163      5.49271      8.99889     0.608775      11.1136      4.35755     0.608775            0
6.00078      5.49271      8.99889     0.608775      11.1136      4.35755     0.608775            0
6.00078      5.50644      8.99889      0.61793      11.1136       4.3667      0.61793            0
6.00078      5.49271        8.976      0.61793      11.1136      4.35755     0.608775            0
5.99163      5.49271      8.98973      0.61793      11.1136       4.3667     0.608775            0
5.99163      5.49271      8.98516     0.608775      11.1136      4.35755     0.608775            0
5.99163      5.49271      9.03093      0.61793      11.1136       4.3667     0.608775            0
5.99163      5.49271      8.99889     0.608775      11.1136       4.3667     0.608775            0
6.00078      5.49271      8.99889      0.61793      11.1136       4.3667     0.608775            0
5.99163      5.49271      8.99889     0.608775      11.1136       4.3667      0.61793            0
5.99163      5.50644      8.99889     0.608775      11.1136      4.35755      0.61793            0
6.00078      5.50644      8.99889      0.61793      11.0998       4.3667     0.608775            0
6.00078      5.49271      8.99889      0.61793      11.1136       4.3667     0.608775            0
6.00078      5.49271      8.99889      0.61793      11.1136      4.35755      0.61793            0
5.99163      5.49271      8.99889     0.608775      11.1136      4.35755     0.608775            0
5.99163      5.50644      8.99889      0.61793      11.1136       4.3667     0.608775            0
6.00078      5.50644      9.01262      0.61793      11.1136       4.3667      0.61793            0
6.00078      5.49271      8.99889     0.608775      11.1136       4.3667     0.608775            0
6.00078      5.49271        8.976      0.61793      11.1136      4.35755      0.61793            0
5.99163      5.49271      9.04008     0.608775      11.1136      4.35755     0.608775            0
6.00078      5.49271      8.99889     0.608775      11.1136      4.35755     0.608775            0
5.99163      5.49271      8.98973     0.608775      11.1136       4.3667      0.61793            0
5.99163      5.50644      8.99889      0.61793      11.1136       4.3667     0.608775            0
5.99163      5.49271      9.01262     0.608775      11.1136      4.35755      0.61793            0
6.00078      5.50644      9.01262     0.608775      11.1136      4.35755     0.608775            0
6.00078      5.49271      8.99889      0.61793      11.1136      4.35755      0.61793            0
6.00078      5.50644      8.99889     0.608775      11.1136      4.35755     0.608775            0
5.99163      5.50644      8.99889     0.608775      11.1136       4.3667     0.608775            0
5.99163      5.49271      8.99889     0.608775      11.1136       4.3667      0.61793            0
6.00078      5.49271      8.99889     0.608775      11.1136      4.35755      0.61793            0
5.99163      5.49271      9.01262      0.61793      11.1136       4.3667     0.608775            0
5.99163      5.49271      8.99889     0.608775      11.1136       4.3667      0.61793            0
6.00078      5.50644      8.99889      0.61793      11.1136      4.35755      0.61793            0
5.99163      5.50644      8.99889      0.61793      11.1136      4.35755      0.61793            0
6.00078      5.49271      8.99889      0.61793      11.1136       4.3667     0.608775            0
5.99163      5.50644      8.99889      0.61793      11.1136      4.35755     0.608775            0
5.99163      5.49271      9.01262      0.61793      11.1136      4.35755      0.61793            0
5.9779      5.50644      8.99889      0.61793      11.1136      4.35755     0.608775            0
5.99163      5.49271      8.99889      0.61793      11.1136      4.35755     0.608775            0
5.99163      5.49271      8.99889     0.608775      11.1136       4.3667      0.61793            0
5.9779      5.49271      8.99889     0.608775      11.1136      4.35755      0.61793            0
6.00078      5.49271      8.99889      0.61793      11.1136      4.35755     0.608775            0
6.00078      5.49271      8.99889     0.608775      11.1136       4.3667     0.608775            0
6.00078      5.49271      9.02177     0.608775      11.1136      4.35755     0.608775            0
6.00078      5.50644      8.99889      0.61793      11.1136      4.35755      0.61793            0
5.99163      5.49271      8.99889      0.61793      11.1136       4.3667      0.61793            0
6.00078      5.50644      8.99889      0.61793      11.1136       4.3667      0.61793            0
6.00078      5.49271      9.02177     0.608775      11.1136      4.35755     0.608775            0
6.00078      5.49271      8.99889      0.61793      11.1136      4.35755     0.608775            0
6.00078      5.49271      8.99889     0.608775      11.1136      4.35755      0.61793            0
6.00078      5.49271      8.99889      0.61793      11.1136      4.35755     0.608775            0
5.99163      5.50644      8.98058     0.608775      11.1136      4.35755      0.61793            0
6.00078      5.50644      8.99889     0.608775      11.1136       4.3667      0.61793            0
6.00078      5.49271      8.99889      0.61793      11.1136      4.35755     0.608775            0
5.99163      5.50644      8.99889     0.608775      11.1136      4.35755      0.61793            0
6.00078      5.49271      8.98516     0.608775      11.1136       4.3667      0.61793            0
5.99163      5.49271      9.03551     0.608775      11.1136      4.35755     0.608775            0
5.99163      5.49271      8.99889     0.608775      11.1136       4.3667      0.61793            0
5.9779      5.49271      8.99889     0.608775      11.1136      4.35755     0.608775            0
5.99163      5.49271      8.98973      0.61793      11.1136       4.3667      0.61793            0
5.99163      5.49271      8.99889     0.608775      11.1136       4.3667      0.61793            0
6.00078      5.49271      8.99889      0.61793      11.1136       4.3667      0.61793            0
5.99163      5.49271      9.02635     0.608775      11.1136      4.35755     0.608775            0
5.99163      5.49271      9.02635     0.608775      11.1136      4.35755      0.61793            0
6.00078      5.50644      8.99889     0.608775      11.1136      4.35755     0.608775            0
5.99163      5.49271      8.98973     0.608775      11.1136      4.35755     0.608775            0
6.00078      5.49271      8.99889      0.61793      11.1136       4.3667      0.61793            0
6.00078      5.50644      8.99889     0.608775      11.1136       4.3667     0.608775            0
6.00078      5.49271      8.99889      0.61793      11.1136      4.35755      0.61793            0
6.00078      5.49271       9.0172      0.61793      11.1136       4.3667     0.608775            0
6.00078      5.49271       9.0172     0.608775      11.1136      4.35755     0.608775            0
6.00078      5.49271      8.99889     0.608775      11.1136      4.35755      0.61793            0
6.00078      5.49271      8.97142     0.608775      11.1136      4.35755      0.61793            0
5.99163      5.49271      8.96685     0.608775      11.1136       4.3667      0.61793            0
6.00078      5.50644      8.99431      0.61793      11.1136       4.3667     0.608775            0
6.00078      5.49271      8.96685      0.61793      11.1136       4.3667      0.61793            0
6.00078      5.49271      8.99889     0.608775      11.1136      4.35755     0.608775            0
6.00078      5.50644      9.01262      0.61793      11.1136      4.35755     0.608775            0
5.99163      5.49271      8.99889      0.61793      11.1136       4.3667     0.608775            0
5.99163      5.50644      8.99889      0.61793      11.1136      4.35755      0.61793            0
6.00078      5.49271      8.99889      0.61793      11.1136       4.3667      0.61793            0
5.99163      5.50644      9.01262      0.61793      11.1136       4.3667      0.61793            0
6.00078      5.49271      9.01262      0.61793      11.1136      4.35755     0.608775            0
6.00078      5.50644      9.01262      0.61793      11.1136      4.35755     0.608775            0
6.00078      5.49271      9.01262      0.61793      11.1136       4.3667      0.61793            0
6.00078      5.49271      8.99889      0.61793      11.1136       4.3667     0.608775            0
6.00078      5.49271      8.99889     0.608775      11.1136       4.3667      0.61793            0
6.00078      5.50644      9.02635      0.61793      11.1136       4.3667      0.61793            0
5.99163      5.49271      8.99889      0.61793      11.1136       4.3667     0.608775            0
6.00078      5.49271      8.99889     0.608775      11.1136      4.35755      0.61793            0
6.00078      5.49271      8.99431      0.61793      11.1136      4.35755      0.61793            0
% Making Code # 3 = [0.50  0.00  0.00  0.50]
5.9871      5.4973      8.9989     0.61793      7.6074      8.1155     0.60878           0
6.0008      5.4973      9.0309     0.61793       7.612      8.1063     0.60878           0
5.9871      5.4973      8.9989     0.61793      7.6074      8.1063     0.61793           0
5.9916      5.4973      8.9989     0.61793       7.612      8.1063     0.60878           0
6.0008      5.4973      8.9989     0.61793       7.612      8.1063     0.60878           0
5.9871      5.4973      8.9989      0.6042       7.612      8.1155     0.61793           0
5.9962      5.4973      8.9989      0.6042       7.612      8.1063     0.61793           0
5.9962      5.4973      8.9714     0.61793       7.612      8.1063     0.60878           0
5.9871      5.4973      8.9989     0.61793       7.612      8.1155     0.61793           0
5.9962      5.4973      8.9989     0.61793      7.6074      8.1063     0.61793           0
5.9962      5.4973      8.9897     0.61793       7.612      8.1063     0.60878           0
5.9962      5.4973      8.9943     0.61793       7.612      8.1155     0.60878           0
6.0054      5.4973      8.9714      0.6042       7.612      8.1155     0.61793           0
5.9962      5.4973      8.9989     0.61793       7.612      8.1063     0.61793           0
6.0054      5.4973      9.0126     0.61793       7.612      8.1155     0.60878           0
5.9916      5.4973      8.9989      0.6042       7.612      8.1155     0.60878           0
5.9962      5.4973       8.976     0.61793       7.612      8.1063     0.61793           0
5.9962      5.4973      8.9806     0.61793       7.612      8.1155     0.60878           0
5.9962      5.4973      8.9806     0.61793       7.612      8.1155     0.60878           0
5.9962      5.4973      8.9714     0.61793       7.612      8.1155     0.60878           0
5.9962      5.4973      8.9989      0.6042       7.612      8.1155     0.60878           0
5.9871      5.4973      8.9623     0.61793       7.612      8.1063     0.60878           0
5.9962      5.4973      8.9989     0.61793       7.612      8.1155     0.61793           0
6.0054      5.4973      8.9989     0.61793       7.612      8.1155     0.60878           0
5.9871      5.4973      8.9989      0.6042       7.612      8.1155     0.61793           0
5.9962      5.4973       8.976     0.61793       7.612      8.1063     0.61793           0
5.9962      5.4973      8.9989     0.61793       7.612      8.1063     0.60878           0
5.9871      5.4973      9.0126     0.61793       7.612      8.1063     0.61793           0
5.9962      5.4973      8.9989     0.61793       7.612      8.1155     0.60878           0
5.9962      5.4973      8.9806      0.6042       7.612      8.1155     0.61793           0
5.9962      5.4973      8.9989     0.61793       7.612      8.1063     0.61793           0
5.9962      5.4973      8.9989     0.61793      7.6074      8.1155     0.60878           0
5.9962      5.4973      8.9897     0.61793       7.612      8.1155     0.60878           0
5.9962      5.4973      8.9989     0.61793       7.612      8.1063     0.60878           0
6.0054      5.4973      8.9806     0.61793       7.612      8.1155     0.61793           0
5.9962      5.4973      9.0126      0.6042       7.612      8.1155     0.61793           0
5.9962      5.4973      8.9806      0.6042       7.612      8.1063     0.61793           0
5.9962      5.4973      8.9806     0.61793       7.612      8.1155     0.61793           0
6.0054      5.4973      8.9989     0.61793       7.612      8.1063     0.61793           0
5.9962      5.4881      9.0126     0.61793       7.612      8.1155     0.60878           0
5.9962      5.4973      8.9989      0.6042       7.612      8.1063     0.61793           0
5.9871      5.4973      8.9989     0.61793       7.612      8.1155     0.61793           0
5.9871      5.4973      9.0447      0.6042       7.612      8.1155     0.61793           0
5.9871      5.4973      8.9806     0.61793       7.612      8.1155     0.60878           0
5.9871      5.4973      8.9989      0.6042       7.612      8.1063     0.61793           0
5.9962      5.4973      8.9623     0.61793       7.612      8.1155     0.61793           0
6.0054      5.4973      8.9989     0.61793       7.612      8.1155     0.60878           0
5.9871      5.4973      8.9714     0.61793       7.612      8.1063     0.61793           0
5.9962      5.4973      9.0355      0.6042       7.612      8.1063     0.61793           0
5.9962      5.4973      8.9989     0.61793       7.612      8.1155     0.61793           0
6.0054      5.4973      8.9989     0.61793       7.612      8.1155     0.61793           0
6.0054      5.4973      8.9989     0.61793       7.612      8.1063     0.61793           0
5.9871      5.4973      8.9989     0.61793       7.612      8.1155     0.61793           0
5.9962      5.4973      9.0126      0.6042      7.6074      8.1155     0.60878           0
5.9871      5.4973      8.9989      0.6042       7.612      8.1155     0.60878           0
5.9962      5.4973      8.9989     0.61793       7.612      8.1155     0.60878           0
5.9962      5.4973      8.9989     0.61793       7.612      8.1155     0.60878           0
5.9871      5.4973      8.9989      0.6042       7.612      8.1155     0.60878           0
5.9871      5.4973      8.9989     0.61793       7.612      8.1155     0.61793           0
5.9962      5.4973      8.9989     0.60878       7.612      8.1155     0.61793           0
6.0054      5.4973      8.9989     0.61793       7.612      8.1063     0.60878           0
6.0054      5.4973      8.9989      0.6042       7.612      8.1063     0.61793           0
6.0054      5.4973      8.9989     0.61793       7.612      8.1063     0.60878           0
5.9871      5.4973      8.9989     0.61793      7.6074      8.1063     0.61793           0
5.9962      5.4973      9.0126      0.6042       7.612      8.1063     0.60878           0
5.9871      5.4973      8.9989     0.61793       7.612      8.1155     0.60878           0
5.9962      5.4973      9.0126      0.6042       7.612      8.1063     0.61793           0
5.9871      5.4973      8.9989     0.61793       7.612      8.1155     0.60878           0
5.9962      5.4973      8.9989      0.6042       7.612      8.1155     0.61793           0
5.9871      5.4973      9.0309      0.6042       7.612      8.1063     0.61793           0
5.9871      5.4973      8.9989     0.61793       7.612      8.1155     0.60878           0
5.9962      5.4973      9.0126      0.6042       7.612      8.1155     0.61793           0
5.9962      5.4973      8.9989     0.61793       7.612      8.1063     0.60878           0
5.9962      5.4973      9.0126     0.61793      7.6074      8.1155     0.60878           0
5.9871      5.4973      9.0126      0.6042       7.612      8.1155     0.61793           0
5.9962      5.4973      9.0309     0.61793       7.612      8.1155     0.60878           0
5.9962      5.4973      9.0218      0.6042       7.612      8.1155     0.60878           0
5.9962      5.4973      9.0218      0.6042       7.612      8.1063     0.61793           0
5.9962      5.4973      8.9897     0.61793       7.612      8.1155     0.60878           0
6.0054      5.4973      8.9485     0.61793       7.612      8.1063     0.60878           0
6.0054      5.4973      8.9989     0.61793       7.612      8.1155     0.60878           0
5.9962      5.4973      8.9989      0.6042       7.612      8.1063     0.60878           0
6.0054      5.4973      8.9989      0.6042       7.612      8.1063     0.61793           0
5.9962      5.4973      8.9989     0.61793       7.612      8.1155     0.60878           0
5.9962      5.4973       9.008      0.6042       7.612      8.1155     0.61793           0
5.9962      5.4973      8.9989      0.6042       7.612      8.1063     0.60878           0
5.9871      5.4973      9.0218     0.61793       7.612      8.1155     0.60878           0
5.9962      5.4973      8.9989     0.61793       7.612      8.1155     0.61793           0
6.0054      5.4973      8.9989     0.61793       7.612      8.1063     0.60878           0
5.9871      5.4973      8.9989     0.61793      7.6074      8.1155     0.61793           0
5.9871      5.4973      8.9989     0.61793       7.612      8.1155     0.61793           0
6.0054      5.4973      8.9989      0.6042       7.612      8.1155     0.60878           0
5.9871      5.4973      8.9989     0.61793       7.612      8.1063     0.61793           0
5.9871      5.4881      8.9989     0.61793       7.612      8.1063     0.61793           0
5.9962      5.4973      8.9989      0.6042       7.612      8.1063     0.60878           0
5.9962      5.4973      8.9989      0.6042       7.612      8.1063     0.60878           0
% Making Code # 4 = [1.00  0.00  0.00  0.00]
5.99621      5.49729      8.99889     0.604198     0.613353      14.9997      0.61793            0
5.99621      5.49729      8.98973     0.608775     0.613353      14.9997      0.61793            0
5.98705      5.49729      9.02177     0.608775     0.613353      14.9997      0.61793            0
5.98705      5.49729      9.01262      0.61793     0.613353      14.9997     0.608775            0
5.99621      5.49729        8.976     0.608775     0.613353      14.9997      0.61793            0
5.99621      5.49729      8.98973     0.604198     0.613353      14.9997     0.608775            0
5.99621      5.49729      8.99889     0.604198     0.613353      14.9997      0.61793            0
5.99621      5.49729      8.99889      0.61793     0.599621      14.9997     0.608775            0
5.99621      5.49729      8.99889     0.604198     0.613353      14.9997      0.61793            0
5.99621      5.49729      8.99889     0.608775     0.599621      14.9997     0.608775            0
6.00536      5.49729      8.99889     0.608775     0.613353      14.9997      0.61793            0
5.99621      5.49729      8.99889      0.61793     0.613353      14.9997     0.608775            0
5.99621      5.49729      8.99889     0.608775     0.613353      14.9997     0.608775            0
5.99621      5.49729      8.99889     0.608775     0.613353      14.9997      0.61793            0
5.99621      5.49729      8.99889     0.608775     0.613353      14.9997      0.61793            0
6.00536      5.49729      8.99889      0.61793     0.613353      14.9997     0.608775            0
5.99621      5.49729      9.01262     0.608775     0.613353      14.9997      0.61793            0
6.00536      5.49729      8.99889      0.61793     0.613353      14.9997      0.61793            0
5.99621      5.49729      8.99889     0.604198     0.613353      14.9997      0.61793            0
5.99621      5.49729      8.99889      0.61793     0.599621      14.9997     0.608775            0
5.99621      5.49729      8.99889      0.61793     0.613353      14.9997      0.61793            0
6.00536      5.49729      8.99889     0.604198     0.613353      14.9997      0.61793            0
5.99621      5.49729      8.99889      0.61793     0.613353      14.9997     0.608775            0
5.99621      5.49729      8.99889      0.61793     0.613353      14.9997     0.608775            0
5.99621      5.49729      8.99889     0.604198     0.613353      14.9997     0.608775            0
5.99621      5.49729      9.02635      0.61793     0.613353      14.9997      0.61793            0
5.98705      5.49729      8.99889     0.608775     0.613353      14.9997     0.608775            0
5.99621      5.49729      8.99889      0.61793     0.613353      14.9997     0.608775            0
5.99621      5.49729      9.02177      0.61793     0.613353      14.9997      0.61793            0
5.99621      5.49729      8.98516      0.61793     0.613353      14.9997      0.61793            0
5.99621      5.49729      8.99889      0.61793     0.613353      14.9997     0.608775            0
5.99621      5.49729      8.99889     0.608775     0.613353      14.9997     0.608775            0
5.99621      5.49729      9.01262      0.61793     0.613353      14.9997      0.61793            0
6.00536      5.49729      8.99889      0.61793     0.613353      14.9997      0.61793            0
5.99621      5.49729      8.99889     0.604198     0.613353      14.9997      0.61793            0
5.99621      5.49729      8.99889      0.61793     0.613353      14.9997     0.608775            0
5.99621      5.49729      8.99889     0.604198     0.613353      14.9997     0.608775            0
5.99621      5.49729      8.99889     0.608775     0.613353      14.9997     0.608775            0
5.99621      5.49729      8.99889     0.604198     0.613353      14.9905      0.61793            0
5.99621      5.49729      8.99889      0.61793     0.613353      14.9997     0.608775            0
5.99621      5.49729      8.99889     0.608775     0.613353      14.9997     0.608775            0
5.99621      5.49729      8.98973     0.608775     0.613353      14.9997     0.608775            0
5.98705      5.49729      8.99889     0.608775     0.613353      14.9997     0.608775            0
5.99621      5.49729      8.96227      0.61793     0.613353      14.9997      0.61793            0
5.98705      5.49729      8.99889     0.608775     0.613353      14.9997      0.61793            0
6.00536      5.49729      8.99889     0.608775     0.613353      14.9997     0.608775            0
5.99621      5.49729        8.976      0.61793     0.613353      14.9997      0.61793            0
6.00536      5.49729      8.99889     0.604198     0.613353      14.9997      0.61793            0
6.00536      5.49729      8.99889     0.604198     0.613353      14.9997     0.608775            0
5.99621      5.49729      8.99889     0.604198     0.613353      14.9997      0.61793            0
5.98705      5.49729      8.98973      0.61793     0.613353      14.9997      0.61793            0
5.99621      5.49729      8.96227      0.61793     0.613353      14.9997      0.61793            0
6.00536      5.49729      8.99889      0.61793     0.613353      14.9997      0.61793            0
5.99621      5.49729      8.99889     0.608775     0.613353      14.9997     0.608775            0
6.00536      5.49729      8.99889     0.608775     0.613353      14.9997      0.61793            0
5.99621      5.49729      8.99889     0.604198     0.613353      14.9997      0.61793            0
6.00536      5.49729      8.99889      0.61793     0.613353      14.9997     0.608775            0
5.99621      5.49729      8.98973     0.608775     0.613353      14.9997     0.608775            0
5.99621      5.49729      8.96227      0.61793     0.613353      14.9997      0.61793            0
5.99621      5.49729      8.99889      0.61793     0.613353      14.9997      0.61793            0
5.99621      5.49729      8.99889     0.604198     0.613353      14.9997      0.61793            0
5.99621      5.49729      8.97142      0.61793     0.613353      14.9997      0.61793            0
5.99621      5.49729      8.99889      0.61793     0.613353      14.9997      0.61793            0
5.99621      5.49729      8.99889     0.608775     0.613353      14.9997     0.608775            0
5.99621      5.49729      8.99889     0.608775     0.613353      14.9997      0.61793            0
5.99621      5.49729      9.02635      0.61793     0.613353      14.9997     0.608775            0
5.99621      5.49729      8.99889     0.608775     0.613353      14.9997     0.608775            0
5.99621      5.49729      8.99889      0.61793     0.613353      14.9997     0.608775            0
5.98705      5.49729      8.99889     0.604198     0.613353      14.9997      0.61793            0
6.00536      5.49729      9.01262      0.61793     0.613353      14.9997      0.61793            0
6.00536      5.49729      8.99889      0.61793     0.613353      14.9997     0.608775            0
6.00536      5.49729      8.99889      0.61793     0.613353      14.9997     0.608775            0
6.00536      5.49729      8.99889     0.608775     0.613353      14.9997      0.61793            0
5.98705      5.49729      8.99889      0.61793     0.613353      14.9997      0.61793            0
6.00536      5.49729      8.99889      0.61793     0.613353      14.9997      0.61793            0
5.99621      5.49729      8.99889     0.604198     0.613353      14.9997      0.61793            0
5.99621      5.49729      8.99889      0.61793     0.613353      14.9997      0.61793            0
5.99621      5.49729      8.99889      0.61793     0.613353      14.9997     0.608775            0
6.00536      5.49729      8.99889     0.608775     0.613353      14.9997     0.608775            0
6.00536      5.49729      9.01262      0.61793     0.613353      14.9997      0.61793            0
6.00536      5.49729      9.04008     0.604198     0.613353      14.9997     0.608775            0
5.98705      5.49729      8.98973     0.608775     0.613353      14.9997     0.608775            0
6.00536      5.49729      8.99889      0.61793     0.613353      14.9997      0.61793            0
5.99621      5.49729      8.99889     0.608775     0.613353      14.9997     0.608775            0
6.00536      5.49729      8.99889      0.61793     0.613353      14.9997      0.61793            0
5.99621      5.49729      9.01262     0.608775     0.613353      14.9997     0.608775            0
5.98705      5.49729      8.99889     0.608775     0.613353      14.9997     0.608775            0
5.99621      5.49729      8.99889      0.61793     0.613353      14.9997     0.608775            0
5.98705      5.49729      8.99889      0.61793     0.613353      14.9997     0.608775            0
5.99621      5.49729      8.99889     0.604198     0.613353      14.9997     0.608775            0
5.98705      5.49729      8.99889     0.608775     0.613353      14.9997      0.61793            0
6.00536      5.49729      9.00347      0.61793     0.613353      14.9997     0.608775            0
6.00536      5.49729      8.98973     0.608775     0.613353      14.9997     0.608775            0
5.99621      5.49729      8.99431      0.61793     0.613353      14.9997     0.608775            0
6.00536      5.49729      8.99889      0.61793     0.613353      14.9997      0.61793            0
5.99621      5.49729        8.976      0.61793     0.613353      14.9997      0.61793            0
