16-Jul-2014 13:22:11
D:\Secondlife-32\Matlab\BeadSynthesizerV3.0\Scripts\PressureLog_20140716-01.txt
% Making Code # 1 = [0.00  0.00  0.00  1.00]
6.00078      6.49971      10.4911      0.61793      14.6152     0.608775     0.599621            0
6.00078      6.49971      10.4911      0.61793      14.6152      0.61793     0.608775            0
6.00078      6.49971      10.4911      0.61793      14.6015     0.608775     0.608775            0
6.00078      6.49971      10.5094     0.608775      14.6015     0.608775     0.608775            0
5.98705      6.49971      10.4911      0.61793      14.6015     0.608775      0.61793            0
5.98705      6.49971       10.514     0.608775      14.6152     0.608775     0.608775            0
6.00078      6.49971      10.5277     0.608775      14.6015      0.61793      0.61793            0
5.98705      6.49971      10.4911     0.608775      14.6152      0.61793     0.608775            0
6.00078      6.49971      10.5048      0.61793      14.6152      0.61793     0.608775            0
5.98705      6.49971      10.4911     0.608775      14.6152     0.608775      0.61793            0
6.00078      6.49971      10.5048     0.608775      14.6015      0.61793     0.608775            0
5.98705      6.49971      10.5048      0.61793      14.6152     0.608775      0.61793            0
6.00078      6.49971      10.4911      0.61793      14.6015      0.61793     0.608775            0
5.98705      6.49971      10.5048      0.61793      14.6152      0.61793     0.608775            0
6.00078      6.49971      10.5048      0.61793      14.6152     0.608775      0.61793            0
5.98705      6.49971      10.5048      0.61793      14.6152     0.608775      0.61793            0
6.00078      6.49971      10.4911     0.608775      14.6152     0.608775      0.61793            0
6.00078      6.49971      10.4911      0.61793      14.6015     0.608775      0.61793            0
6.00078      6.49971       10.459     0.608775      14.6152      0.61793      0.61793            0
5.98705      6.49971      10.5048      0.61793      14.6152      0.61793     0.608775            0
5.98705      6.49971      10.4911     0.608775      14.6152      0.61793      0.61793            0
6.00078      6.49971      10.5048      0.61793      14.6152      0.61793     0.608775            0
6.00078      6.49971      10.5048      0.61793      14.6152     0.608775      0.61793            0
6.00078      6.49971      10.4819     0.608775      14.6152      0.61793     0.608775            0
6.00078      6.49971      10.4911      0.61793      14.6152      0.61793      0.61793            0
6.00078      6.49971      10.4911      0.61793      14.6152      0.61793     0.608775            0
6.00078      6.49971      10.4819     0.608775      14.6152     0.608775      0.61793            0
6.00078      6.49971      10.4911      0.61793      14.6152      0.61793      0.61793            0
5.98705      6.49971      10.5048      0.61793      14.6152     0.608775      0.61793            0
6.00078      6.49971      10.5277      0.61793      14.6152      0.61793     0.608775            0
5.98705      6.49971      10.5048      0.61793      14.6015      0.61793     0.608775            0
6.00078      6.49971      10.5048     0.608775      14.6152      0.61793      0.61793            0
6.00078      6.49971       10.514     0.608775      14.6152      0.61793      0.61793            0
5.98705      6.49971      10.5048     0.608775      14.6152     0.608775      0.61793            0
5.98705      6.49971      10.5048     0.608775      14.6152      0.61793     0.608775            0
6.00078      6.49971      10.4911     0.608775      14.6015     0.608775      0.61793            0
5.98705      6.49971      10.4911     0.608775      14.6152      0.61793     0.608775            0
6.00078      6.49971      10.4819     0.608775      14.6152      0.61793      0.61793            0
6.00078      6.49971      10.5048     0.608775      14.6152      0.61793     0.608775            0
6.00078      6.49971      10.5048     0.608775      14.6152     0.608775      0.61793            0
6.00078      6.49971      10.4819      0.61793      14.6152      0.61793     0.608775            0
5.98705      6.49971      10.4911      0.61793      14.6152     0.608775      0.61793            0
5.98705      6.49971      10.4911      0.61793      14.6152     0.608775     0.608775            0
5.9779      6.49971      10.4911     0.608775      14.6152     0.608775     0.608775            0
6.00078      6.49971      10.5048     0.608775      14.6152     0.608775      0.61793            0
6.00078      6.49971      10.4819     0.608775      14.6152      0.61793     0.608775            0
6.00078      6.49971      10.4773      0.61793      14.6152     0.608775     0.608775            0
6.00078      6.49971      10.5414      0.61793      14.6015      0.61793      0.61793            0
6.00078      6.49971      10.5048      0.61793      14.6152      0.61793      0.61793            0
6.00078      6.49971      10.4911     0.608775      14.6015      0.61793      0.61793            0
6.00078      6.49971      10.5048     0.608775      14.6015     0.608775     0.608775            0
6.00078      6.49971      10.4911     0.608775      14.6152     0.608775      0.61793            0
5.98705      6.49971      10.4911     0.608775      14.6152     0.608775     0.608775            0
5.98705      6.49971      10.4911      0.61793      14.6015     0.608775     0.608775            0
6.00078      6.49971      10.4911     0.608775      14.6152     0.608775     0.608775            0
6.00078      6.49971      10.4911     0.608775      14.6152     0.608775      0.61793            0
5.98705      6.49971      10.5048      0.61793      14.6152     0.608775      0.61793            0
6.00078      6.49971       10.514      0.61793      14.6152      0.61793      0.61793            0
6.00078      6.49971      10.4911      0.61793      14.6152     0.608775     0.608775            0
6.00078      6.49971      10.4819     0.608775      14.6152     0.608775      0.61793            0
6.00078      6.49971      10.4911     0.608775      14.6015     0.608775      0.61793            0
6.00078      6.49971      10.4911     0.608775      14.6015      0.61793      0.61793            0
6.00078      6.49971      10.4957      0.61793      14.6152     0.608775     0.608775            0
6.00078      6.49971      10.4819     0.608775      14.6015      0.61793     0.608775            0
6.00078      6.49971      10.4911     0.608775      14.6015     0.608775      0.61793            0
6.00078      6.49971      10.4911     0.608775      14.6015      0.61793     0.608775            0
6.00078      6.49971      10.4911      0.61793      14.6152     0.608775      0.61793            0
5.98705      6.49971      10.5048      0.61793      14.6152     0.608775     0.608775            0
6.00078      6.49971      10.5048      0.61793      14.6152      0.61793      0.61793            0
6.00078      6.49971      10.5048      0.61793      14.6015     0.608775      0.61793            0
6.00078      6.49971      10.4911      0.61793      14.6152     0.608775     0.608775            0
5.98705      6.49971      10.4773     0.608775      14.6152      0.61793     0.608775            0
6.00078      6.49971      10.5048      0.61793      14.6152      0.61793     0.608775            0
5.98705      6.49971      10.4911     0.608775      14.6015     0.608775      0.61793            0
6.00078      6.49971      10.4682      0.61793      14.6015      0.61793     0.608775            0
6.00078      6.49971      10.4911      0.61793      14.6152      0.61793      0.61793            0
5.98705      6.49971      10.5048     0.608775      14.6152     0.608775     0.608775            0
6.00078      6.49971      10.4911     0.608775      14.6152      0.61793     0.608775            0
5.98705      6.49971      10.4819     0.608775      14.6152     0.608775     0.608775            0
5.98705      6.49971      10.4911      0.61793      14.6152      0.61793     0.608775            0
6.00078      6.49971      10.5048     0.608775       14.606      0.61793      0.61793            0
6.00078      6.49971      10.4911     0.608775      14.6015      0.61793     0.608775            0
5.98705      6.49971      10.5048      0.61793      14.6152      0.61793     0.608775            0
6.00078      6.49971      10.5048     0.608775      14.6152      0.61793      0.61793            0
6.00078      6.49971      10.4911     0.608775      14.6152      0.61793     0.608775            0
6.00078      6.49971      10.4911     0.608775      14.6152     0.608775      0.61793            0
6.00078      6.49971      10.5048     0.608775      14.6152      0.61793     0.608775            0
6.00078      6.49971      10.5048      0.61793      14.6015     0.608775      0.61793            0
6.00078      6.49971       10.514      0.61793      14.5923      0.61793     0.608775            0
6.00078      6.49971      10.5048     0.608775      14.6015     0.608775      0.61793            0
5.98705      6.49971      10.5048     0.608775      14.6152      0.61793      0.61793            0
5.98705      6.49971      10.4911      0.61793      14.6152     0.608775      0.61793            0
6.00078      6.49971      10.4773      0.61793      14.6152      0.61793     0.608775            0
5.98705      6.49971      10.4911      0.61793      14.6152     0.608775      0.61793            0
6.00078      6.49971      10.5048      0.61793      14.6152     0.608775      0.61793            0
6.00078      6.49971      10.5048      0.61793      14.6015      0.61793     0.608775            0
5.98705      6.48597      10.5277      0.61793      14.6015      0.61793     0.608775            0
6.00078      6.49971      10.4911      0.61793      14.6152      0.61793      0.61793            0
6.00078      6.49971      10.4911     0.608775      14.6152     0.608775      0.61793            0
6.00078      6.49971      10.5048      0.61793      14.6152      0.61793     0.608775            0
6.00078      6.49971      10.4911     0.608775      14.6152     0.608775     0.608775            0
6.00078      6.49971      10.5048      0.61793      14.6015      0.61793     0.608775            0
6.00078      6.49971      10.5048      0.61793      14.6015      0.61793     0.608775            0
6.00078      6.49971      10.4911      0.61793      14.6015      0.61793     0.608775            0
5.98705      6.49971      10.4911     0.608775      14.6152      0.61793      0.61793            0
6.00078      6.49971      10.5048     0.608775      14.6152      0.61793     0.608775            0
6.00078      6.49971      10.4911      0.61793      14.6015     0.608775      0.61793            0
5.98705      6.49971      10.5048      0.61793      14.6015      0.61793     0.608775            0
6.00078      6.49971      10.4911     0.608775      14.6152      0.61793      0.61793            0
6.00078      6.49971      10.5048      0.61793      14.6152     0.608775      0.61793            0
6.00078      6.49971      10.4911      0.61793      14.6152     0.608775      0.61793            0
6.00078      6.49971      10.4911     0.608775      14.6152      0.61793      0.61793            0
6.00078      6.49971      10.4911      0.61793      14.6015      0.61793      0.61793            0
6.00078      6.49971      10.4911      0.61793      14.6015      0.61793     0.608775            0
6.00078      6.49971      10.5048      0.61793      14.6152     0.608775      0.61793            0
6.00078      6.49971      10.5048      0.61793      14.6015      0.61793      0.61793            0
5.98705      6.49971      10.4911     0.608775      14.6152      0.61793      0.61793            0
5.98705      6.49971      10.4911      0.61793      14.6152     0.608775     0.608775            0
6.00078      6.49971      10.4911     0.608775      14.6152      0.61793     0.608775            0
6.00078      6.49971      10.4773      0.61793      14.6015      0.61793     0.608775            0
6.00078      6.49971       10.514     0.608775      14.6152     0.608775     0.608775            0
% Making Code # 2 = [0.00  0.00  0.28  0.72]
6.00078      6.49971      10.5048      5.45609      10.6742     0.608775     0.608775            0
6.00078      6.49971      10.5048      5.45609      10.6604      0.61793     0.608775            0
6.00078      6.49971      10.5048      5.45609      10.6742      0.61793      0.61793            0
6.00078      6.49971      10.4911      5.46067      10.6604     0.608775      0.61793            0
6.00078      6.49971      10.4911      5.44694      10.6604      0.61793     0.608775            0
6.00078      6.49971      10.4911      5.45609      10.6742      0.61793      0.61793            0
5.98705      6.49971      10.4911      5.45609      10.6742      0.61793     0.608775            0
6.00078      6.49971      10.4911      5.45609      10.6742     0.608775     0.608775            0
6.00078      6.49971      10.4911      5.44694      10.6742      0.61793      0.61793            0
6.00078      6.49971      10.5048      5.44694      10.6604      0.61793     0.608775            0
5.98705      6.49971      10.5414      5.46067      10.6604      0.61793     0.608775            0
6.00078      6.49971      10.4911      5.45609      10.6742      0.61793     0.608775            0
6.00078      6.49971      10.4728      5.45609      10.6604      0.61793      0.61793            0
6.00078      6.49971      10.5048      5.45609      10.6742     0.608775     0.608775            0
6.00078      6.49971      10.4819      5.45609      10.6604     0.608775     0.608775            0
6.00078      6.49971      10.4819      5.45609      10.6742     0.608775      0.61793            0
6.00078      6.49971      10.4911      5.45609      10.6604     0.608775     0.608775            0
6.00078      6.49971       10.459      5.45609      10.6742      0.61793      0.61793            0
6.00078      6.49971      10.4865      5.45609      10.6604      0.61793     0.608775            0
5.98705      6.49971      10.4819      5.45609      10.6742     0.608775      0.61793            0
6.00078      6.49971      10.4911      5.45609      10.6742     0.608775     0.608775            0
6.00078      6.49971      10.4819      5.45609      10.6742      0.61793     0.608775            0
5.98705      6.49971      10.4957      5.45609      10.6604      0.61793     0.608775            0
6.00078      6.49971      10.4911      5.46067      10.6742     0.608775     0.608775            0
5.98705      6.49971       10.514      5.46067      10.6742     0.608775      0.61793            0
5.98705      6.49971      10.5414      5.45609      10.6604      0.61793     0.608775            0
5.98705      6.49971      10.4911      5.45609      10.6742      0.61793     0.608775            0
5.98705      6.49971      10.4911      5.45609      10.6742     0.608775      0.61793            0
6.00078      6.49971      10.5048      5.45609      10.6604     0.608775     0.608775            0
5.98705      6.49971      10.4636      5.44694      10.6604     0.608775      0.61793            0
5.98705      6.49971      10.5048      5.46067      10.6604      0.61793      0.61793            0
5.98705      6.49971      10.5048      5.45609      10.6742     0.608775     0.608775            0
6.00078      6.49971      10.4911      5.45609      10.6604      0.61793      0.61793            0
6.00078      6.49971      10.4911      5.45609       10.665     0.608775      0.61793            0
5.98705      6.49971      10.4819      5.45609      10.6742     0.608775      0.61793            0
5.98705      6.49971      10.4911      5.44694      10.6742      0.61793      0.61793            0
6.00078      6.49971      10.5048      5.46067      10.6742     0.608775      0.61793            0
5.98705      6.49971      10.5048      5.45609      10.6604     0.608775      0.61793            0
5.98705      6.49971      10.5048      5.45609      10.6742     0.608775     0.608775            0
5.98705      6.49971      10.5048      5.45609      10.6742      0.61793      0.61793            0
6.00078      6.49971      10.4911      5.46067      10.6742      0.61793      0.61793            0
6.00078      6.49971      10.5048      5.46067      10.6742      0.61793     0.608775            0
6.00078      6.49971      10.5048      5.45609      10.6742      0.61793     0.608775            0
6.00078      6.49971      10.5048      5.45609      10.6742      0.61793      0.61793            0
6.00078      6.49971      10.4911      5.45609      10.6742      0.61793     0.608775            0
6.00078      6.49971      10.4911      5.45609      10.6742     0.608775      0.61793            0
5.98705      6.49971      10.5277      5.45609      10.6742     0.608775     0.608775            0
5.98705      6.49971      10.4911      5.44694      10.6742     0.608775     0.608775            0
6.00078      6.49971      10.5048      5.45609      10.6742     0.608775     0.608775            0
5.98705      6.49971      10.5048      5.45609      10.6742     0.608775      0.61793            0
5.98705      6.49971      10.4819      5.45609      10.6604      0.61793      0.61793            0
6.00078      6.49971       10.459      5.45609      10.6604     0.608775      0.61793            0
5.98705      6.49971      10.5002      5.45609      10.6742      0.61793     0.608775            0
6.00078      6.49971      10.5048      5.46067      10.6742     0.608775     0.608775            0
6.00078      6.49971      10.4911      5.44694      10.6604     0.608775      0.61793            0
5.98705      6.49971      10.5048      5.45609      10.6604     0.608775      0.61793            0
6.00078      6.49971      10.4911      5.44694      10.6742      0.61793     0.608775            0
6.00078      6.49971      10.4911      5.45609      10.6742     0.608775      0.61793            0
6.00078      6.49971      10.4911      5.46067      10.6742     0.608775      0.61793            0
6.00078      6.49971      10.4911      5.45151      10.6604      0.61793     0.608775            0
6.00078      6.49971      10.4911      5.45609       10.665      0.61793      0.61793            0
5.98705      6.49971      10.5002      5.45609      10.6604      0.61793     0.608775            0
5.98705      6.49971      10.5048      5.45609      10.6742     0.608775      0.61793            0
6.00078      6.49971      10.5048      5.45609      10.6604      0.61793      0.61793            0
6.00078      6.49971      10.5048      5.45609      10.6604      0.61793     0.608775            0
6.00078      6.49971      10.4682      5.44694      10.6604      0.61793     0.608775            0
6.00078      6.49971      10.4911      5.45609      10.6742      0.61793      0.61793            0
6.00078      6.49971      10.4911      5.45609      10.6604     0.608775     0.608775            0
6.00078      6.49971      10.4911      5.45609      10.6742      0.61793     0.608775            0
6.00078      6.49971      10.5048      5.45609      10.6742      0.61793      0.61793            0
6.00078      6.49971      10.4911      5.45609      10.6742      0.61793     0.608775            0
5.98705      6.49971      10.5048      5.45609      10.6604      0.61793      0.61793            0
5.98705      6.49971      10.4911      5.45609      10.6742      0.61793     0.608775            0
6.00078      6.49971      10.5323      5.46067      10.6742     0.608775      0.61793            0
5.98705      6.49971      10.4911      5.46067      10.6742      0.61793      0.61793            0
6.00078      6.49971      10.4911      5.46067      10.6742     0.608775      0.61793            0
5.98705      6.49971      10.4682      5.45609      10.6742     0.608775     0.608775            0
5.98705      6.49971      10.4911      5.45609      10.6742     0.608775      0.61793            0
5.98705      6.49971      10.4911      5.45151      10.6604      0.61793      0.61793            0
6.00078      6.49971      10.4911      5.45609      10.6604      0.61793      0.61793            0
6.00078      6.49971      10.4911      5.45609      10.6604      0.61793      0.61793            0
5.98705      6.49971      10.4911      5.45609      10.6742      0.61793      0.61793            0
6.00078      6.49971      10.5048      5.45609      10.6742     0.608775      0.61793            0
6.00078      6.49971      10.4911      5.46067      10.6604     0.608775      0.61793            0
5.98705      6.49971      10.4911      5.46067      10.6742     0.608775     0.608775            0
6.00078      6.49971      10.4911      5.46067      10.6604     0.608775      0.61793            0
6.00078      6.49971      10.5048      5.45609      10.6742      0.61793      0.61793            0
6.00078      6.49971      10.4911      5.45609      10.6742     0.608775     0.608775            0
6.00078      6.49971      10.4911      5.45609      10.6742     0.608775     0.608775            0
6.00078      6.49971      10.4911      5.45609      10.6604     0.608775      0.61793            0
6.00078      6.49971      10.4911      5.46982      10.6604      0.61793     0.608775            0
6.00078      6.49971      10.5048      5.45609      10.6742     0.608775     0.608775            0
6.00078      6.49971      10.5277      5.45609      10.6742      0.61793     0.608775            0
6.00078      6.49971      10.5048      5.45609      10.6742     0.608775      0.61793            0
5.98705      6.49971      10.5048      5.45609      10.6742     0.608775      0.61793            0
5.98705      6.49971      10.5048      5.45609      10.6742      0.61793     0.608775            0
5.98705      6.49971      10.4911      5.45609      10.6742      0.61793      0.61793            0
6.00078      6.49971      10.5048      5.45609      10.6742     0.608775      0.61793            0
6.00078      6.49971      10.4773      5.45609      10.6742      0.61793     0.608775            0
6.00078      6.49971      10.4819      5.45609      10.6742      0.61793      0.61793            0
6.00078      6.49971      10.4911      5.45609      10.6742     0.608775     0.608775            0
5.98705      6.49971      10.4682      5.45609      10.6742     0.608775     0.608775            0
6.00078      6.49971      10.4957      5.45609      10.6604      0.61793      0.61793            0
6.00078      6.49971      10.4911      5.45609      10.6742     0.608775      0.61793            0
6.00078      6.49971      10.5048      5.46067      10.6742      0.61793      0.61793            0
6.00078      6.49971      10.4682      5.46067      10.6742     0.608775      0.61793            0
5.98705      6.49971      10.4682      5.45609      10.6742     0.608775     0.608775            0
5.98705      6.49971      10.5048      5.45609      10.6742      0.61793     0.608775            0
6.00078      6.49971      10.5048      5.45609      10.6742     0.608775     0.608775            0
6.00078      6.49971      10.5048      5.46067      10.6742     0.608775      0.61793            0
6.00078      6.49971      10.4911      5.45609      10.6742      0.61793     0.608775            0
6.00078      6.49971      10.5277      5.45609      10.6742     0.608775     0.608775            0
6.00078      6.49971      10.4957      5.46067      10.6742      0.61793      0.61793            0
6.00078      6.49971      10.5048      5.45609      10.6742     0.608775     0.608775            0
5.98705      6.49971      10.4911      5.44694      10.6742     0.608775     0.608775            0
6.00078      6.49971      10.5048      5.45609      10.6742      0.61793     0.608775            0
6.00078      6.49971      10.4911      5.45609      10.6742      0.61793     0.608775            0
5.98705      6.49971      10.4911      5.45609      10.6742      0.61793      0.61793            0
5.98705      6.49971      10.4773      5.45609      10.6742      0.61793      0.61793            0
6.00078      6.49971      10.5048      5.46067      10.6604     0.608775      0.61793            0
6.00078      6.49971      10.5048      5.45609      10.6742      0.61793     0.608775            0
