26-Jun-2014 19:26:50
D:\Secondlife-32\Matlab\BeadSynthesizerV3.0\Scripts\SynthesisLog_20140626-01.txt
BEAD PRODUCTION LOG
Chip serial code: BS3.0A-PMF-06.12.14-ch01
Sm = [0.00  0.06  0.14  0.24  0.37  0.55  0.78]
Dy = [0.00  0.05  0.11  0.20  0.32  0.49  0.71]
Tm = [0.00  0.06  0.15  0.28  0.47  0.76]
Mixer cleaning time = 6.00 sec
Mixing time = 1.00 min 45.00 sec
Drop stabilization time = 25.00 sec
UV polymerization time = 2.00 min 30.00 sec
Polymerization channel = Polymerization
Resistances Mixer 1 = [Sm, Dy, Tm, Eu, mix] [14.89  15.12  16.00  14.00   0.29]
Resistances Mix2r 2 = [Sm, Dy, Tm, Eu, mix] [14.97  14.74  15.90  14.00   0.29]
Flush/clean water: ch = 1, press = 6.00 psi
Oil: ch = 3, press = 9.50 psi
Push Water: ch = 2, press = 6.00 psi
Lanthanide MFCS Channels: [Sm, Dy, Tm, Eu]  [6,  7,  4,  5,]
Lanthanide Valves: [Sm, Dy, Tm, Eu]  [C2,  C3,  C4,  C1]
Mixer 1
Code#	Flow_Sm	Flow_Dy	Flow_Tm	Flow_Eu	P_Sm	P_Dy	P_Tm	P_Eu
1	0.00	0.00	0.00	1.00	0.29	 0.29	 0.29	14.29
2	0.00	0.00	0.06	0.94	0.29	 0.29	 1.26	13.43
3	0.00	0.00	0.15	0.85	0.29	 0.29	 2.69	12.18
4	0.00	0.00	0.28	0.72	0.29	 0.29	 4.79	10.34
5	0.00	0.00	0.47	0.53	0.29	0.29	7.87	7.65
6	0.00	0.00	0.76	0.24	0.29	 0.29	12.38	 3.70
7	0.00	0.05	0.00	0.95	0.29	 1.01	 0.29	13.61
8	0.00	0.05	0.06	0.89	0.29	 1.01	 1.26	12.76
9	0.00	0.05	0.15	0.80	0.29	 1.01	 2.69	11.51
10	0.00	0.05	0.28	0.67	0.29	1.01	4.79	9.67
11	0.00	0.05	0.47	0.48	0.29	1.01	7.87	6.98
12	0.00	0.05	0.76	0.20	0.29	 1.01	12.38	 3.03
13	0.00	0.11	0.00	0.89	0.29	 2.00	 0.29	12.70
14	0.00	0.11	0.06	0.83	0.29	 2.00	 1.26	11.85
15	0.00	0.11	0.15	0.74	0.29	 2.00	 2.69	10.59
16	0.00	0.11	0.28	0.61	0.29	2.00	4.79	8.76
17	0.00	0.11	0.47	0.41	0.29	2.00	7.87	6.07
18	0.00	0.11	0.76	0.13	0.29	 2.00	12.38	 2.12
19	0.00	0.20	0.00	0.80	0.29	 3.34	 0.29	11.46
20	0.00	0.20	0.06	0.74	0.29	 3.34	 1.26	10.60
21	0.00	0.20	0.15	0.65	0.29	3.34	2.69	9.35
22	0.00	0.20	0.28	0.52	0.29	3.34	4.79	7.52
23	0.00	0.20	0.47	0.32	0.29	3.34	7.87	4.82
24	0.00	0.20	0.76	0.04	0.29	 3.34	12.38	 0.88
25	0.00	0.32	0.00	0.68	0.29	5.16	0.29	9.77
26	0.00	0.32	0.06	0.62	0.29	5.16	1.26	8.92
27	0.00	0.32	0.15	0.53	0.29	5.16	2.69	7.66
28	0.00	0.32	0.28	0.40	0.29	5.16	4.79	5.83
29	0.00	0.32	0.47	0.20	0.29	5.16	7.87	3.14
30	0.00	0.49	0.00	0.51	0.29	7.64	0.29	7.47
31	0.00	0.49	0.06	0.45	0.29	7.64	1.26	6.62
32	0.00	0.49	0.15	0.36	0.29	7.64	2.69	5.37
33	0.00	0.49	0.28	0.23	0.29	7.64	4.79	3.53
34	0.00	0.49	0.47	0.04	0.29	7.64	7.87	0.84
35	0.00	0.71	0.00	0.29	0.29	11.01	 0.29	 4.35
36	0.00	0.71	0.06	0.23	0.29	11.01	 1.26	 3.50
37	0.00	0.71	0.15	0.14	0.29	11.01	 2.69	 2.25
38	0.00	0.71	0.28	0.01	0.29	11.01	 4.79	 0.41
39	0.06	0.00	0.00	0.94	1.16	 0.29	 0.29	13.46
40	0.06	0.00	0.06	0.88	1.16	 0.29	 1.26	12.61
41	0.06	0.00	0.15	0.79	1.16	 0.29	 2.69	11.36
42	0.06	0.00	0.28	0.66	1.16	0.29	4.79	9.52
43	0.06	0.00	0.47	0.47	1.16	0.29	7.87	6.83
44	0.06	0.00	0.76	0.19	1.16	 0.29	12.38	 2.88
45	0.06	0.05	0.00	0.89	1.16	 1.01	 0.29	12.79
46	0.06	0.05	0.06	0.83	1.16	 1.01	 1.26	11.94
47	0.06	0.05	0.15	0.74	1.16	 1.01	 2.69	10.68
48	0.06	0.05	0.28	0.61	1.16	1.01	4.79	8.85
49	0.06	0.05	0.47	0.42	1.16	1.01	7.87	6.16
50	0.06	0.05	0.76	0.14	1.16	 1.01	12.38	 2.21
51	0.06	0.11	0.00	0.83	1.16	 2.00	 0.29	11.87
52	0.06	0.11	0.06	0.77	1.16	 2.00	 1.26	11.02
53	0.06	0.11	0.15	0.68	1.16	2.00	2.69	9.77
54	0.06	0.11	0.28	0.55	1.16	2.00	4.79	7.93
55	0.06	0.11	0.47	0.35	1.16	2.00	7.87	5.24
56	0.06	0.11	0.76	0.07	1.16	 2.00	12.38	 1.29
57	0.06	0.20	0.00	0.74	1.16	 3.34	 0.29	10.63
58	0.06	0.20	0.06	0.68	1.16	3.34	1.26	9.78
59	0.06	0.20	0.15	0.59	1.16	3.34	2.69	8.53
60	0.06	0.20	0.28	0.46	1.16	3.34	4.79	6.69
61	0.06	0.20	0.47	0.27	1.16	3.34	7.87	4.00
62	0.06	0.32	0.00	0.62	1.16	5.16	0.29	8.94
63	0.06	0.32	0.06	0.56	1.16	5.16	1.26	8.09
64	0.06	0.32	0.15	0.47	1.16	5.16	2.69	6.84
65	0.06	0.32	0.28	0.34	1.16	5.16	4.79	5.00
66	0.06	0.32	0.47	0.14	1.16	5.16	7.87	2.31
67	0.06	0.49	0.00	0.45	1.16	7.64	0.29	6.65
68	0.06	0.49	0.06	0.39	1.16	7.64	1.26	5.80
69	0.06	0.49	0.15	0.30	1.16	7.64	2.69	4.54
70	0.06	0.49	0.28	0.17	1.16	7.64	4.79	2.71
71	0.06	0.71	0.00	0.23	1.16	11.01	 0.29	 3.53
72	0.06	0.71	0.06	0.17	1.16	11.01	 1.26	 2.68
73	0.06	0.71	0.15	0.08	1.16	11.01	 2.69	 1.42
74	0.14	0.00	0.00	0.86	2.31	 0.29	 0.29	12.38
75	0.14	0.00	0.06	0.80	2.31	 0.29	 1.26	11.52
76	0.14	0.00	0.15	0.71	2.31	 0.29	 2.69	10.27
77	0.14	0.00	0.28	0.58	2.31	0.29	4.79	8.44
78	0.14	0.00	0.47	0.39	2.31	0.29	7.87	5.74
79	0.14	0.00	0.76	0.11	2.31	 0.29	12.38	 1.79
80	0.14	0.05	0.00	0.82	2.31	 1.01	 0.29	11.71
81	0.14	0.05	0.06	0.75	2.31	 1.01	 1.26	10.85
82	0.14	0.05	0.15	0.67	2.31	1.01	2.69	9.60
83	0.14	0.05	0.28	0.53	2.31	1.01	4.79	7.76
84	0.14	0.05	0.47	0.34	2.31	1.01	7.87	5.07
85	0.14	0.05	0.76	0.06	2.31	 1.01	12.38	 1.12
86	0.14	0.11	0.00	0.75	2.31	 2.00	 0.29	10.79
87	0.14	0.11	0.06	0.69	2.31	2.00	1.26	9.94
88	0.14	0.11	0.15	0.60	2.31	2.00	2.69	8.69
89	0.14	0.11	0.28	0.47	2.31	2.00	4.79	6.85
90	0.14	0.11	0.47	0.28	2.31	2.00	7.87	4.16
91	0.14	0.20	0.00	0.66	2.31	3.34	0.29	9.55
92	0.14	0.20	0.06	0.60	2.31	3.34	1.26	8.70
93	0.14	0.20	0.15	0.51	2.31	3.34	2.69	7.44
94	0.14	0.20	0.28	0.38	2.31	3.34	4.79	5.61
95	0.14	0.20	0.47	0.19	2.31	3.34	7.87	2.92
96	0.14	0.32	0.00	0.54	2.31	5.16	0.29	7.86
97	0.14	0.32	0.06	0.48	2.31	5.16	1.26	7.01
98	0.14	0.32	0.15	0.39	2.31	5.16	2.69	5.76
99	0.14	0.32	0.28	0.26	2.31	5.16	4.79	3.92
100	0.14	0.32	0.47	0.07	2.31	5.16	7.87	1.23
101	0.14	0.49	0.00	0.38	2.31	7.64	0.29	5.57
102	0.14	0.49	0.06	0.32	2.31	7.64	1.26	4.71
103	0.14	0.49	0.15	0.23	2.31	7.64	2.69	3.46
104	0.14	0.49	0.28	0.10	2.31	7.64	4.79	1.63
105	0.14	0.71	0.00	0.15	2.31	11.01	 0.29	 2.45
106	0.14	0.71	0.06	0.09	2.31	11.01	 1.26	 1.59
107	0.14	0.71	0.15	0.00	2.31	11.01	 2.69	 0.34
108	0.24	0.00	0.00	0.76	3.83	 0.29	 0.29	10.96
109	0.24	0.00	0.06	0.70	3.83	 0.29	 1.26	10.10
110	0.24	0.00	0.15	0.61	3.83	0.29	2.69	8.85
111	0.24	0.00	0.28	0.48	3.83	0.29	4.79	7.01
112	0.24	0.00	0.47	0.29	3.83	0.29	7.87	4.32
113	0.24	0.00	0.76	0.01	3.83	 0.29	12.38	 0.37
114	0.24	0.05	0.00	0.71	3.83	 1.01	 0.29	10.28
115	0.24	0.05	0.06	0.65	3.83	1.01	1.26	9.43
116	0.24	0.05	0.15	0.56	3.83	1.01	2.69	8.18
117	0.24	0.05	0.28	0.43	3.83	1.01	4.79	6.34
118	0.24	0.05	0.47	0.24	3.83	1.01	7.87	3.65
119	0.24	0.11	0.00	0.65	3.83	2.00	0.29	9.37
120	0.24	0.11	0.06	0.59	3.83	2.00	1.26	8.51
121	0.24	0.11	0.15	0.50	3.83	2.00	2.69	7.26
122	0.24	0.11	0.28	0.37	3.83	2.00	4.79	5.43
123	0.24	0.11	0.47	0.18	3.83	2.00	7.87	2.74
124	0.24	0.20	0.00	0.56	3.83	3.34	0.29	8.13
125	0.24	0.20	0.06	0.50	3.83	3.34	1.26	7.27
126	0.24	0.20	0.15	0.41	3.83	3.34	2.69	6.02
127	0.24	0.20	0.28	0.28	3.83	3.34	4.79	4.19
128	0.24	0.20	0.47	0.09	3.83	3.34	7.87	1.49
129	0.24	0.32	0.00	0.44	3.83	5.16	0.29	6.44
130	0.24	0.32	0.06	0.38	3.83	5.16	1.26	5.58
131	0.24	0.32	0.15	0.29	3.83	5.16	2.69	4.33
132	0.24	0.32	0.28	0.16	3.83	5.16	4.79	2.50
133	0.24	0.49	0.00	0.28	3.83	7.64	0.29	4.14
134	0.24	0.49	0.06	0.21	3.83	7.64	1.26	3.29
135	0.24	0.49	0.15	0.13	3.83	7.64	2.69	2.04
136	0.24	0.71	0.00	0.05	3.83	11.01	 0.29	 1.02
137	0.37	0.00	0.00	0.63	5.81	0.29	0.29	9.09
138	0.37	0.00	0.06	0.57	5.81	0.29	1.26	8.23
139	0.37	0.00	0.15	0.48	5.81	0.29	2.69	6.98
140	0.37	0.00	0.28	0.35	5.81	0.29	4.79	5.15
141	0.37	0.00	0.47	0.15	5.81	0.29	7.87	2.45
142	0.37	0.05	0.00	0.58	5.81	1.01	0.29	8.41
143	0.37	0.05	0.06	0.52	5.81	1.01	1.26	7.56
144	0.37	0.05	0.15	0.43	5.81	1.01	2.69	6.31
145	0.37	0.05	0.28	0.30	5.81	1.01	4.79	4.47
146	0.37	0.05	0.47	0.11	5.81	1.01	7.87	1.78
147	0.37	0.11	0.00	0.52	5.81	2.00	0.29	7.50
148	0.37	0.11	0.06	0.45	5.81	2.00	1.26	6.65
149	0.37	0.11	0.15	0.36	5.81	2.00	2.69	5.39
150	0.37	0.11	0.28	0.23	5.81	2.00	4.79	3.56
151	0.37	0.11	0.47	0.04	5.81	2.00	7.87	0.87
152	0.37	0.20	0.00	0.43	5.81	3.34	0.29	6.26
153	0.37	0.20	0.06	0.37	5.81	3.34	1.26	5.40
154	0.37	0.20	0.15	0.28	5.81	3.34	2.69	4.15
155	0.37	0.20	0.28	0.15	5.81	3.34	4.79	2.32
156	0.37	0.32	0.00	0.31	5.81	5.16	0.29	4.57
157	0.37	0.32	0.06	0.25	5.81	5.16	1.26	3.72
158	0.37	0.32	0.15	0.16	5.81	5.16	2.69	2.46
159	0.37	0.32	0.28	0.02	5.81	5.16	4.79	0.63
160	0.37	0.49	0.00	0.14	5.81	7.64	0.29	2.28
161	0.37	0.49	0.06	0.08	5.81	7.64	1.26	1.42
162	0.55	0.00	0.00	0.45	8.42	0.29	0.29	6.63
163	0.55	0.00	0.06	0.39	8.42	0.29	1.26	5.78
164	0.55	0.00	0.15	0.30	8.42	0.29	2.69	4.53
165	0.55	0.00	0.28	0.17	8.42	0.29	4.79	2.69
166	0.55	0.05	0.00	0.41	8.42	1.01	0.29	5.96
167	0.55	0.05	0.06	0.34	8.42	1.01	1.26	5.11
168	0.55	0.05	0.15	0.25	8.42	1.01	2.69	3.85
169	0.55	0.05	0.28	0.12	8.42	1.01	4.79	2.02
170	0.55	0.11	0.00	0.34	8.42	2.00	0.29	5.05
171	0.55	0.11	0.06	0.28	8.42	2.00	1.26	4.19
172	0.55	0.11	0.15	0.19	8.42	2.00	2.69	2.94
173	0.55	0.11	0.28	0.06	8.42	2.00	4.79	1.10
174	0.55	0.20	0.00	0.25	8.42	3.34	0.29	3.80
175	0.55	0.20	0.06	0.19	8.42	3.34	1.26	2.95
176	0.55	0.20	0.15	0.10	8.42	3.34	2.69	1.70
177	0.55	0.32	0.00	0.13	8.42	5.16	0.29	2.12
178	0.55	0.32	0.06	0.07	8.42	5.16	1.26	1.26
179	0.78	0.00	0.00	0.22	11.85	 0.29	 0.29	 3.41
180	0.78	0.00	0.06	0.16	11.85	 0.29	 1.26	 2.55
181	0.78	0.00	0.15	0.07	11.85	 0.29	 2.69	 1.30
182	0.78	0.05	0.00	0.17	11.85	 1.01	 0.29	 2.74
183	0.78	0.05	0.06	0.11	11.85	 1.01	 1.26	 1.88
184	0.78	0.05	0.15	0.02	11.85	 1.01	 2.69	 0.63
185	0.78	0.11	0.00	0.11	11.85	 2.00	 0.29	 1.82
186	0.78	0.11	0.06	0.05	11.85	 2.00	 1.26	 0.97
187	0.78	0.20	0.00	0.02	11.85	 3.34	 0.29	 0.58
Mixer 2
Code#	Flow_Sm	Flow_Dy	Flow_Tm	Flow_Eu	P_Sm	P_Dy	P_Tm	P_Eu
1	0.00	0.00	0.00	1.00	0.29	 0.29	 0.29	14.29
2	0.00	0.00	0.06	0.94	0.29	 0.29	 1.26	13.43
3	0.00	0.00	0.15	0.85	0.29	 0.29	 2.68	12.18
4	0.00	0.00	0.28	0.72	0.29	 0.29	 4.76	10.34
5	0.00	0.00	0.47	0.53	0.29	0.29	7.82	7.65
6	0.00	0.00	0.76	0.24	0.29	 0.29	12.30	 3.70
7	0.00	0.05	0.00	0.95	0.29	 0.99	 0.29	13.61
8	0.00	0.05	0.06	0.89	0.29	 0.99	 1.26	12.76
9	0.00	0.05	0.15	0.80	0.29	 0.99	 2.68	11.51
10	0.00	0.05	0.28	0.67	0.29	0.99	4.76	9.67
11	0.00	0.05	0.47	0.48	0.29	0.99	7.82	6.98
12	0.00	0.05	0.76	0.20	0.29	 0.99	12.30	 3.03
13	0.00	0.11	0.00	0.89	0.29	 1.96	 0.29	12.70
14	0.00	0.11	0.06	0.83	0.29	 1.96	 1.26	11.85
15	0.00	0.11	0.15	0.74	0.29	 1.96	 2.68	10.59
16	0.00	0.11	0.28	0.61	0.29	1.96	4.76	8.76
17	0.00	0.11	0.47	0.41	0.29	1.96	7.82	6.07
18	0.00	0.11	0.76	0.13	0.29	 1.96	12.30	 2.12
19	0.00	0.20	0.00	0.80	0.29	 3.26	 0.29	11.46
20	0.00	0.20	0.06	0.74	0.29	 3.26	 1.26	10.60
21	0.00	0.20	0.15	0.65	0.29	3.26	2.68	9.35
22	0.00	0.20	0.28	0.52	0.29	3.26	4.76	7.52
23	0.00	0.20	0.47	0.32	0.29	3.26	7.82	4.82
24	0.00	0.20	0.76	0.04	0.29	 3.26	12.30	 0.88
25	0.00	0.32	0.00	0.68	0.29	5.04	0.29	9.77
26	0.00	0.32	0.06	0.62	0.29	5.04	1.26	8.92
27	0.00	0.32	0.15	0.53	0.29	5.04	2.68	7.66
28	0.00	0.32	0.28	0.40	0.29	5.04	4.76	5.83
29	0.00	0.32	0.47	0.20	0.29	5.04	7.82	3.14
30	0.00	0.49	0.00	0.51	0.29	7.46	0.29	7.47
31	0.00	0.49	0.06	0.45	0.29	7.46	1.26	6.62
32	0.00	0.49	0.15	0.36	0.29	7.46	2.68	5.37
33	0.00	0.49	0.28	0.23	0.29	7.46	4.76	3.53
34	0.00	0.49	0.47	0.04	0.29	7.46	7.82	0.84
35	0.00	0.71	0.00	0.29	0.29	10.74	 0.29	 4.35
36	0.00	0.71	0.06	0.23	0.29	10.74	 1.26	 3.50
37	0.00	0.71	0.15	0.14	0.29	10.74	 2.68	 2.25
38	0.00	0.71	0.28	0.01	0.29	10.74	 4.76	 0.41
39	0.06	0.00	0.00	0.94	1.17	 0.29	 0.29	13.46
40	0.06	0.00	0.06	0.88	1.17	 0.29	 1.26	12.61
41	0.06	0.00	0.15	0.79	1.17	 0.29	 2.68	11.36
42	0.06	0.00	0.28	0.66	1.17	0.29	4.76	9.52
43	0.06	0.00	0.47	0.47	1.17	0.29	7.82	6.83
44	0.06	0.00	0.76	0.19	1.17	 0.29	12.30	 2.88
45	0.06	0.05	0.00	0.89	1.17	 0.99	 0.29	12.79
46	0.06	0.05	0.06	0.83	1.17	 0.99	 1.26	11.94
47	0.06	0.05	0.15	0.74	1.17	 0.99	 2.68	10.68
48	0.06	0.05	0.28	0.61	1.17	0.99	4.76	8.85
49	0.06	0.05	0.47	0.42	1.17	0.99	7.82	6.16
50	0.06	0.05	0.76	0.14	1.17	 0.99	12.30	 2.21
51	0.06	0.11	0.00	0.83	1.17	 1.96	 0.29	11.87
52	0.06	0.11	0.06	0.77	1.17	 1.96	 1.26	11.02
53	0.06	0.11	0.15	0.68	1.17	1.96	2.68	9.77
54	0.06	0.11	0.28	0.55	1.17	1.96	4.76	7.93
55	0.06	0.11	0.47	0.35	1.17	1.96	7.82	5.24
56	0.06	0.11	0.76	0.07	1.17	 1.96	12.30	 1.29
57	0.06	0.20	0.00	0.74	1.17	 3.26	 0.29	10.63
58	0.06	0.20	0.06	0.68	1.17	3.26	1.26	9.78
59	0.06	0.20	0.15	0.59	1.17	3.26	2.68	8.53
60	0.06	0.20	0.28	0.46	1.17	3.26	4.76	6.69
61	0.06	0.20	0.47	0.27	1.17	3.26	7.82	4.00
62	0.06	0.32	0.00	0.62	1.17	5.04	0.29	8.94
63	0.06	0.32	0.06	0.56	1.17	5.04	1.26	8.09
64	0.06	0.32	0.15	0.47	1.17	5.04	2.68	6.84
65	0.06	0.32	0.28	0.34	1.17	5.04	4.76	5.00
66	0.06	0.32	0.47	0.14	1.17	5.04	7.82	2.31
67	0.06	0.49	0.00	0.45	1.17	7.46	0.29	6.65
68	0.06	0.49	0.06	0.39	1.17	7.46	1.26	5.80
69	0.06	0.49	0.15	0.30	1.17	7.46	2.68	4.54
70	0.06	0.49	0.28	0.17	1.17	7.46	4.76	2.71
71	0.06	0.71	0.00	0.23	1.17	10.74	 0.29	 3.53
72	0.06	0.71	0.06	0.17	1.17	10.74	 1.26	 2.68
73	0.06	0.71	0.15	0.08	1.17	10.74	 2.68	 1.42
74	0.14	0.00	0.00	0.86	2.33	 0.29	 0.29	12.38
75	0.14	0.00	0.06	0.80	2.33	 0.29	 1.26	11.52
76	0.14	0.00	0.15	0.71	2.33	 0.29	 2.68	10.27
77	0.14	0.00	0.28	0.58	2.33	0.29	4.76	8.44
78	0.14	0.00	0.47	0.39	2.33	0.29	7.82	5.74
79	0.14	0.00	0.76	0.11	2.33	 0.29	12.30	 1.79
80	0.14	0.05	0.00	0.82	2.33	 0.99	 0.29	11.71
81	0.14	0.05	0.06	0.75	2.33	 0.99	 1.26	10.85
82	0.14	0.05	0.15	0.67	2.33	0.99	2.68	9.60
83	0.14	0.05	0.28	0.53	2.33	0.99	4.76	7.76
84	0.14	0.05	0.47	0.34	2.33	0.99	7.82	5.07
85	0.14	0.05	0.76	0.06	2.33	 0.99	12.30	 1.12
86	0.14	0.11	0.00	0.75	2.33	 1.96	 0.29	10.79
87	0.14	0.11	0.06	0.69	2.33	1.96	1.26	9.94
88	0.14	0.11	0.15	0.60	2.33	1.96	2.68	8.69
89	0.14	0.11	0.28	0.47	2.33	1.96	4.76	6.85
90	0.14	0.11	0.47	0.28	2.33	1.96	7.82	4.16
91	0.14	0.20	0.00	0.66	2.33	3.26	0.29	9.55
92	0.14	0.20	0.06	0.60	2.33	3.26	1.26	8.70
93	0.14	0.20	0.15	0.51	2.33	3.26	2.68	7.44
94	0.14	0.20	0.28	0.38	2.33	3.26	4.76	5.61
95	0.14	0.20	0.47	0.19	2.33	3.26	7.82	2.92
96	0.14	0.32	0.00	0.54	2.33	5.04	0.29	7.86
97	0.14	0.32	0.06	0.48	2.33	5.04	1.26	7.01
98	0.14	0.32	0.15	0.39	2.33	5.04	2.68	5.76
99	0.14	0.32	0.28	0.26	2.33	5.04	4.76	3.92
100	0.14	0.32	0.47	0.07	2.33	5.04	7.82	1.23
101	0.14	0.49	0.00	0.38	2.33	7.46	0.29	5.57
102	0.14	0.49	0.06	0.32	2.33	7.46	1.26	4.71
103	0.14	0.49	0.15	0.23	2.33	7.46	2.68	3.46
104	0.14	0.49	0.28	0.10	2.33	7.46	4.76	1.63
105	0.14	0.71	0.00	0.15	2.33	10.74	 0.29	 2.45
106	0.14	0.71	0.06	0.09	2.33	10.74	 1.26	 1.59
107	0.14	0.71	0.15	0.00	2.33	10.74	 2.68	 0.34
108	0.24	0.00	0.00	0.76	3.85	 0.29	 0.29	10.96
109	0.24	0.00	0.06	0.70	3.85	 0.29	 1.26	10.10
110	0.24	0.00	0.15	0.61	3.85	0.29	2.68	8.85
111	0.24	0.00	0.28	0.48	3.85	0.29	4.76	7.01
112	0.24	0.00	0.47	0.29	3.85	0.29	7.82	4.32
113	0.24	0.00	0.76	0.01	3.85	 0.29	12.30	 0.37
114	0.24	0.05	0.00	0.71	3.85	 0.99	 0.29	10.28
115	0.24	0.05	0.06	0.65	3.85	0.99	1.26	9.43
116	0.24	0.05	0.15	0.56	3.85	0.99	2.68	8.18
117	0.24	0.05	0.28	0.43	3.85	0.99	4.76	6.34
118	0.24	0.05	0.47	0.24	3.85	0.99	7.82	3.65
119	0.24	0.11	0.00	0.65	3.85	1.96	0.29	9.37
120	0.24	0.11	0.06	0.59	3.85	1.96	1.26	8.51
121	0.24	0.11	0.15	0.50	3.85	1.96	2.68	7.26
122	0.24	0.11	0.28	0.37	3.85	1.96	4.76	5.43
123	0.24	0.11	0.47	0.18	3.85	1.96	7.82	2.74
124	0.24	0.20	0.00	0.56	3.85	3.26	0.29	8.13
125	0.24	0.20	0.06	0.50	3.85	3.26	1.26	7.27
126	0.24	0.20	0.15	0.41	3.85	3.26	2.68	6.02
127	0.24	0.20	0.28	0.28	3.85	3.26	4.76	4.19
128	0.24	0.20	0.47	0.09	3.85	3.26	7.82	1.49
129	0.24	0.32	0.00	0.44	3.85	5.04	0.29	6.44
130	0.24	0.32	0.06	0.38	3.85	5.04	1.26	5.58
131	0.24	0.32	0.15	0.29	3.85	5.04	2.68	4.33
132	0.24	0.32	0.28	0.16	3.85	5.04	4.76	2.50
133	0.24	0.49	0.00	0.28	3.85	7.46	0.29	4.14
134	0.24	0.49	0.06	0.21	3.85	7.46	1.26	3.29
135	0.24	0.49	0.15	0.13	3.85	7.46	2.68	2.04
136	0.24	0.71	0.00	0.05	3.85	10.74	 0.29	 1.02
137	0.37	0.00	0.00	0.63	5.84	0.29	0.29	9.09
138	0.37	0.00	0.06	0.57	5.84	0.29	1.26	8.23
139	0.37	0.00	0.15	0.48	5.84	0.29	2.68	6.98
140	0.37	0.00	0.28	0.35	5.84	0.29	4.76	5.15
141	0.37	0.00	0.47	0.15	5.84	0.29	7.82	2.45
142	0.37	0.05	0.00	0.58	5.84	0.99	0.29	8.41
143	0.37	0.05	0.06	0.52	5.84	0.99	1.26	7.56
144	0.37	0.05	0.15	0.43	5.84	0.99	2.68	6.31
145	0.37	0.05	0.28	0.30	5.84	0.99	4.76	4.47
146	0.37	0.05	0.47	0.11	5.84	0.99	7.82	1.78
147	0.37	0.11	0.00	0.52	5.84	1.96	0.29	7.50
148	0.37	0.11	0.06	0.45	5.84	1.96	1.26	6.65
149	0.37	0.11	0.15	0.36	5.84	1.96	2.68	5.39
150	0.37	0.11	0.28	0.23	5.84	1.96	4.76	3.56
151	0.37	0.11	0.47	0.04	5.84	1.96	7.82	0.87
152	0.37	0.20	0.00	0.43	5.84	3.26	0.29	6.26
153	0.37	0.20	0.06	0.37	5.84	3.26	1.26	5.40
154	0.37	0.20	0.15	0.28	5.84	3.26	2.68	4.15
155	0.37	0.20	0.28	0.15	5.84	3.26	4.76	2.32
156	0.37	0.32	0.00	0.31	5.84	5.04	0.29	4.57
157	0.37	0.32	0.06	0.25	5.84	5.04	1.26	3.72
158	0.37	0.32	0.15	0.16	5.84	5.04	2.68	2.46
159	0.37	0.32	0.28	0.02	5.84	5.04	4.76	0.63
160	0.37	0.49	0.00	0.14	5.84	7.46	0.29	2.28
161	0.37	0.49	0.06	0.08	5.84	7.46	1.26	1.42
162	0.55	0.00	0.00	0.45	8.47	0.29	0.29	6.63
163	0.55	0.00	0.06	0.39	8.47	0.29	1.26	5.78
164	0.55	0.00	0.15	0.30	8.47	0.29	2.68	4.53
165	0.55	0.00	0.28	0.17	8.47	0.29	4.76	2.69
166	0.55	0.05	0.00	0.41	8.47	0.99	0.29	5.96
167	0.55	0.05	0.06	0.34	8.47	0.99	1.26	5.11
168	0.55	0.05	0.15	0.25	8.47	0.99	2.68	3.85
169	0.55	0.05	0.28	0.12	8.47	0.99	4.76	2.02
170	0.55	0.11	0.00	0.34	8.47	1.96	0.29	5.05
171	0.55	0.11	0.06	0.28	8.47	1.96	1.26	4.19
172	0.55	0.11	0.15	0.19	8.47	1.96	2.68	2.94
173	0.55	0.11	0.28	0.06	8.47	1.96	4.76	1.10
174	0.55	0.20	0.00	0.25	8.47	3.26	0.29	3.80
175	0.55	0.20	0.06	0.19	8.47	3.26	1.26	2.95
176	0.55	0.20	0.15	0.10	8.47	3.26	2.68	1.70
177	0.55	0.32	0.00	0.13	8.47	5.04	0.29	2.12
178	0.55	0.32	0.06	0.07	8.47	5.04	1.26	1.26
179	0.78	0.00	0.00	0.22	11.91	 0.29	 0.29	 3.41
180	0.78	0.00	0.06	0.16	11.91	 0.29	 1.26	 2.55
181	0.78	0.00	0.15	0.07	11.91	 0.29	 2.68	 1.30
182	0.78	0.05	0.00	0.17	11.91	 0.99	 0.29	 2.74
183	0.78	0.05	0.06	0.11	11.91	 0.99	 1.26	 1.88
184	0.78	0.05	0.15	0.02	11.91	 0.99	 2.68	 0.63
185	0.78	0.11	0.00	0.11	11.91	 1.96	 0.29	 1.82
186	0.78	0.11	0.06	0.05	11.91	 1.96	 1.26	 0.97
187	0.78	0.20	0.00	0.02	11.91	 3.26	 0.29	 0.58
% Making Code # 1 = [0.00  0.00  0.00  1.00]
% Making Code # 2 = [0.00  0.00  0.06  0.94]
% Making Code # 3 = [0.00  0.00  0.15  0.85]
% Making Code # 4 = [0.00  0.00  0.28  0.72]
% Making Code # 5 = [0.00  0.00  0.47  0.53]
% Making Code # 6 = [0.00  0.00  0.76  0.24]
% Making Code # 7 = [0.00  0.05  0.00  0.95]
% Making Code # 8 = [0.00  0.05  0.06  0.89]
% Making Code # 9 = [0.00  0.05  0.15  0.80]
% Making Code # 10 = [0.00  0.05  0.28  0.67]
% Making Code # 11 = [0.00  0.05  0.47  0.48]
% Making Code # 12 = [0.00  0.05  0.76  0.20]
% Making Code # 13 = [0.00  0.11  0.00  0.89]
% Making Code # 14 = [0.00  0.11  0.06  0.83]
% Making Code # 15 = [0.00  0.11  0.15  0.74]
% Making Code # 16 = [0.00  0.11  0.28  0.61]
% Making Code # 17 = [0.00  0.11  0.47  0.41]
% Making Code # 18 = [0.00  0.11  0.76  0.13]
% Making Code # 19 = [0.00  0.20  0.00  0.80]
% Making Code # 20 = [0.00  0.20  0.06  0.74]
% Making Code # 21 = [0.00  0.20  0.15  0.65]
% Making Code # 22 = [0.00  0.20  0.28  0.52]
% Making Code # 23 = [0.00  0.20  0.47  0.32]
% Making Code # 24 = [0.00  0.20  0.76  0.04]
% Making Code # 25 = [0.00  0.32  0.00  0.68]
% Making Code # 26 = [0.00  0.32  0.06  0.62]
% Making Code # 27 = [0.00  0.32  0.15  0.53]
% Making Code # 28 = [0.00  0.32  0.28  0.40]
% Making Code # 29 = [0.00  0.32  0.47  0.20]
% Making Code # 30 = [0.00  0.49  0.00  0.51]
% Making Code # 31 = [0.00  0.49  0.06  0.45]
% Making Code # 32 = [0.00  0.49  0.15  0.36]
% Making Code # 33 = [0.00  0.49  0.28  0.23]
% Making Code # 34 = [0.00  0.49  0.47  0.04]
% Making Code # 35 = [0.00  0.71  0.00  0.29]
% Making Code # 36 = [0.00  0.71  0.06  0.23]
% Making Code # 37 = [0.00  0.71  0.15  0.14]
% Making Code # 38 = [0.00  0.71  0.28  0.01]
% Making Code # 39 = [0.06  0.00  0.00  0.94]
% Making Code # 40 = [0.06  0.00  0.06  0.88]
% Making Code # 41 = [0.06  0.00  0.15  0.79]
% Making Code # 42 = [0.06  0.00  0.28  0.66]
% Making Code # 43 = [0.06  0.00  0.47  0.47]
% Making Code # 44 = [0.06  0.00  0.76  0.19]
% Making Code # 45 = [0.06  0.05  0.00  0.89]
% Making Code # 46 = [0.06  0.05  0.06  0.83]
% Making Code # 47 = [0.06  0.05  0.15  0.74]
% Making Code # 48 = [0.06  0.05  0.28  0.61]
% Making Code # 49 = [0.06  0.05  0.47  0.42]
% Making Code # 50 = [0.06  0.05  0.76  0.14]
% Making Code # 51 = [0.06  0.11  0.00  0.83]
% Making Code # 52 = [0.06  0.11  0.06  0.77]
% Making Code # 53 = [0.06  0.11  0.15  0.68]
% Making Code # 54 = [0.06  0.11  0.28  0.55]
% Making Code # 55 = [0.06  0.11  0.47  0.35]
% Making Code # 56 = [0.06  0.11  0.76  0.07]
% Making Code # 57 = [0.06  0.20  0.00  0.74]
% Making Code # 58 = [0.06  0.20  0.06  0.68]
% Making Code # 59 = [0.06  0.20  0.15  0.59]
% Making Code # 60 = [0.06  0.20  0.28  0.46]
% Making Code # 61 = [0.06  0.20  0.47  0.27]
% Making Code # 62 = [0.06  0.32  0.00  0.62]
% Making Code # 63 = [0.06  0.32  0.06  0.56]
% Making Code # 64 = [0.06  0.32  0.15  0.47]
% Making Code # 65 = [0.06  0.32  0.28  0.34]
% Making Code # 66 = [0.06  0.32  0.47  0.14]
% Making Code # 67 = [0.06  0.49  0.00  0.45]
% Making Code # 68 = [0.06  0.49  0.06  0.39]
% Making Code # 69 = [0.06  0.49  0.15  0.30]
% Making Code # 70 = [0.06  0.49  0.28  0.17]
% Making Code # 71 = [0.06  0.71  0.00  0.23]
% Making Code # 72 = [0.06  0.71  0.06  0.17]
% Making Code # 73 = [0.06  0.71  0.15  0.08]
% Making Code # 74 = [0.14  0.00  0.00  0.86]
% Making Code # 75 = [0.14  0.00  0.06  0.80]
% Making Code # 76 = [0.14  0.00  0.15  0.71]
% Making Code # 77 = [0.14  0.00  0.28  0.58]
% Making Code # 78 = [0.14  0.00  0.47  0.39]
% Making Code # 79 = [0.14  0.00  0.76  0.11]
% Making Code # 80 = [0.14  0.05  0.00  0.82]
% Making Code # 81 = [0.14  0.05  0.06  0.75]
% Making Code # 82 = [0.14  0.05  0.15  0.67]
% Making Code # 83 = [0.14  0.05  0.28  0.53]
% Making Code # 84 = [0.14  0.05  0.47  0.34]
% Making Code # 85 = [0.14  0.05  0.76  0.06]
% Making Code # 86 = [0.14  0.11  0.00  0.75]
% Making Code # 87 = [0.14  0.11  0.06  0.69]
% Making Code # 88 = [0.14  0.11  0.15  0.60]
% Making Code # 89 = [0.14  0.11  0.28  0.47]
% Making Code # 90 = [0.14  0.11  0.47  0.28]
% Making Code # 91 = [0.14  0.20  0.00  0.66]
% Making Code # 92 = [0.14  0.20  0.06  0.60]
% Making Code # 93 = [0.14  0.20  0.15  0.51]
% Making Code # 94 = [0.14  0.20  0.28  0.38]
% Making Code # 95 = [0.14  0.20  0.47  0.19]
% Making Code # 96 = [0.14  0.32  0.00  0.54]
% Making Code # 97 = [0.14  0.32  0.06  0.48]
% Making Code # 98 = [0.14  0.32  0.15  0.39]
% Making Code # 99 = [0.14  0.32  0.28  0.26]
% Making Code # 100 = [0.14  0.32  0.47  0.07]
% Making Code # 101 = [0.14  0.49  0.00  0.38]
% Making Code # 102 = [0.14  0.49  0.06  0.32]
% Making Code # 103 = [0.14  0.49  0.15  0.23]
% Making Code # 104 = [0.14  0.49  0.28  0.10]
% Making Code # 105 = [0.14  0.71  0.00  0.15]
% Making Code # 106 = [0.14  0.71  0.06  0.09]
% Making Code # 107 = [0.14  0.71  0.15  0.00]
% Making Code # 108 = [0.24  0.00  0.00  0.76]
% Making Code # 109 = [0.24  0.00  0.06  0.70]
% Making Code # 110 = [0.24  0.00  0.15  0.61]
% Making Code # 111 = [0.24  0.00  0.28  0.48]
% Making Code # 112 = [0.24  0.00  0.47  0.29]
% Making Code # 113 = [0.24  0.00  0.76  0.01]
% Making Code # 114 = [0.24  0.05  0.00  0.71]
% Making Code # 115 = [0.24  0.05  0.06  0.65]
% Making Code # 116 = [0.24  0.05  0.15  0.56]
% Making Code # 117 = [0.24  0.05  0.28  0.43]
% Making Code # 118 = [0.24  0.05  0.47  0.24]
% Making Code # 119 = [0.24  0.11  0.00  0.65]
% Making Code # 120 = [0.24  0.11  0.06  0.59]
% Making Code # 121 = [0.24  0.11  0.15  0.50]
% Making Code # 122 = [0.24  0.11  0.28  0.37]
% Making Code # 123 = [0.24  0.11  0.47  0.18]
% Making Code # 124 = [0.24  0.20  0.00  0.56]
% Making Code # 125 = [0.24  0.20  0.06  0.50]
% Making Code # 126 = [0.24  0.20  0.15  0.41]
% Making Code # 127 = [0.24  0.20  0.28  0.28]
% Making Code # 128 = [0.24  0.20  0.47  0.09]
% Making Code # 129 = [0.24  0.32  0.00  0.44]
% Making Code # 130 = [0.24  0.32  0.06  0.38]
% Making Code # 131 = [0.24  0.32  0.15  0.29]
% Making Code # 132 = [0.24  0.32  0.28  0.16]
% Making Code # 133 = [0.24  0.49  0.00  0.28]
% Making Code # 134 = [0.24  0.49  0.06  0.21]
% Making Code # 135 = [0.24  0.49  0.15  0.13]
% Making Code # 136 = [0.24  0.71  0.00  0.05]
% Making Code # 137 = [0.37  0.00  0.00  0.63]
% Making Code # 138 = [0.37  0.00  0.06  0.57]
% Making Code # 139 = [0.37  0.00  0.15  0.48]
% Making Code # 140 = [0.37  0.00  0.28  0.35]
% Making Code # 141 = [0.37  0.00  0.47  0.15]
% Making Code # 142 = [0.37  0.05  0.00  0.58]
% Making Code # 143 = [0.37  0.05  0.06  0.52]
% Making Code # 144 = [0.37  0.05  0.15  0.43]
% Making Code # 145 = [0.37  0.05  0.28  0.30]
% Making Code # 146 = [0.37  0.05  0.47  0.11]
% Making Code # 147 = [0.37  0.11  0.00  0.52]
% Making Code # 148 = [0.37  0.11  0.06  0.45]
% Making Code # 149 = [0.37  0.11  0.15  0.36]
% Making Code # 150 = [0.37  0.11  0.28  0.23]
% Making Code # 151 = [0.37  0.11  0.47  0.04]
% Making Code # 152 = [0.37  0.20  0.00  0.43]
% Making Code # 153 = [0.37  0.20  0.06  0.37]
% Making Code # 154 = [0.37  0.20  0.15  0.28]
% Making Code # 155 = [0.37  0.20  0.28  0.15]
% Making Code # 156 = [0.37  0.32  0.00  0.31]
% Making Code # 157 = [0.37  0.32  0.06  0.25]
% Making Code # 158 = [0.37  0.32  0.15  0.16]
% Making Code # 159 = [0.37  0.32  0.28  0.02]
% Making Code # 160 = [0.37  0.49  0.00  0.14]
% Making Code # 161 = [0.37  0.49  0.06  0.08]
% Making Code # 162 = [0.55  0.00  0.00  0.45]
% Making Code # 163 = [0.55  0.00  0.06  0.39]
% Making Code # 164 = [0.55  0.00  0.15  0.30]
% Making Code # 165 = [0.55  0.00  0.28  0.17]
% Making Code # 166 = [0.55  0.05  0.00  0.41]
% Making Code # 167 = [0.55  0.05  0.06  0.34]
% Making Code # 168 = [0.55  0.05  0.15  0.25]
% Making Code # 169 = [0.55  0.05  0.28  0.12]
% Making Code # 170 = [0.55  0.11  0.00  0.34]
% Making Code # 171 = [0.55  0.11  0.06  0.28]
% Making Code # 172 = [0.55  0.11  0.15  0.19]
% Making Code # 173 = [0.55  0.11  0.28  0.06]
% Making Code # 174 = [0.55  0.20  0.00  0.25]
% Making Code # 175 = [0.55  0.20  0.06  0.19]
% Making Code # 176 = [0.55  0.20  0.15  0.10]
% Making Code # 177 = [0.55  0.32  0.00  0.13]
% Making Code # 178 = [0.55  0.32  0.06  0.07]
% Making Code # 179 = [0.78  0.00  0.00  0.22]
% Making Code # 180 = [0.78  0.00  0.06  0.16]
% Making Code # 181 = [0.78  0.00  0.15  0.07]
% Making Code # 182 = [0.78  0.05  0.00  0.17]
% Making Code # 183 = [0.78  0.05  0.06  0.11]
% Making Code # 184 = [0.78  0.05  0.15  0.02]
% Making Code # 185 = [0.78  0.11  0.00  0.11]
% Making Code # 186 = [0.78  0.11  0.06  0.05]
% Making Code # 187 = [0.78  0.20  0.00  0.02]
% DONE!
