21-Nov-2014 16:52:38
D:\Secondlife-32\Matlab\BeadSynthesizerV3.0\Scripts\SynthesisLog_20141121-01.txt
BEAD PRODUCTION LOG
Chip serial code: BS3.0-PMF-07.25.14-ch03
Mixer cleaning time = 6.00 sec
Mixing time = 1.00 min 45.00 sec
Drop stabilization time = 30.00 sec
UV polymerization time = 2.00 min 30.00 sec
Polymerization channel = Polymerization
Resistances Mixer 1 = [Sm, Dy, Tm, CeTb, Eu, mix] [15.98  14.62  15.27  17.05  14.00   0.63]
Resistances Mix2r 2 = [Sm, Dy, Tm, CeTb, Eu, mix] [14.97  14.74  15.90  14.00  14.00   0.29]
Oil: ch = 3, press = 8.00 psi
Push Water: ch = 2, press = 7.00 psi
Lanthanide MFCS Channels: [Sm, Dy, Tm, CeTb, Eu]  [6,  7,  4,  1,  5,]
Lanthanide Valves: [Sm, Dy, Tm, CeTb, Eu]  [C2,  C3,  C4,  C6,  C1]
Mixer 1
Code#	Flow_Sm	Flow_Dy	Flow_Tm	Flow_CeTb	Flow_Eu	P_Sm	P_Dy	P_Tm	P_CeTb	P_Eu
1	0.22	0.36	0.00	0.20	0.22	4.18	5.93	0.63	4.04	3.66
2	0.35	0.15	0.13	0.00	0.37	6.30	2.78	2.57	0.63	5.83
3	0.12	0.36	0.24	0.20	0.07	2.63	5.93	4.32	4.04	1.64
4	0.05	0.00	0.86	0.00	0.09	1.48	 0.63	13.76	 0.63	 1.86
5	0.05	0.08	0.09	0.00	0.77	1.48	 1.83	 2.04	 0.63	11.46
6	0.12	0.03	0.07	0.00	0.77	2.63	 1.14	 1.66	 0.63	11.47
7	0.12	0.03	0.07	0.20	0.57	2.63	1.14	1.66	4.04	8.67
8	0.35	0.24	0.00	0.20	0.21	6.30	4.10	0.63	4.04	3.55
9	0.12	0.00	0.13	0.00	0.75	2.63	 0.63	 2.62	 0.63	11.07
10	0.12	0.00	0.05	0.79	0.03	2.63	 0.63	 1.38	14.17	 1.09
11	0.22	0.03	0.36	0.20	0.18	4.18	1.14	6.19	4.04	3.15
12	0.00	0.08	0.25	0.00	0.67	0.63	 1.83	 4.38	 0.63	10.05
13	0.35	0.03	0.07	0.20	0.34	6.30	1.14	1.66	4.04	5.45
14	0.12	0.00	0.26	0.00	0.61	2.63	0.63	4.68	0.63	9.18
15	0.12	0.36	0.00	0.00	0.51	2.63	5.93	0.63	0.63	7.82
16	0.53	0.08	0.09	0.00	0.29	9.18	1.83	2.04	0.63	4.72
17	0.78	0.00	0.13	0.00	0.09	13.08	 0.63	 2.62	 0.63	 1.91
18	0.00	0.15	0.00	0.20	0.65	0.63	2.78	0.63	4.04	9.78
19	0.53	0.00	0.13	0.00	0.34	9.18	0.63	2.62	0.63	5.33
20	0.22	0.15	0.00	0.20	0.43	4.18	2.78	0.63	4.04	6.67
21	0.05	0.24	0.18	0.00	0.53	1.48	4.10	3.31	0.63	8.12
22	0.35	0.00	0.00	0.20	0.45	6.30	0.63	0.63	4.04	6.87
23	0.00	0.00	0.05	0.00	0.95	0.63	 0.63	 1.38	 0.63	13.95
24	0.00	0.03	0.07	0.20	0.70	0.63	 1.14	 1.66	 4.04	10.41
25	0.00	0.03	0.18	0.20	0.59	0.63	1.14	3.36	4.04	8.85
26	0.05	0.36	0.00	0.20	0.39	1.48	5.93	0.63	4.04	6.03
27	0.00	0.00	0.49	0.00	0.51	0.63	0.63	8.09	0.63	7.79
28	0.05	0.08	0.00	0.79	0.07	1.48	 1.83	 0.63	14.17	 1.64
29	0.53	0.24	0.00	0.20	0.03	9.18	4.10	0.63	4.04	1.03
30	0.00	0.08	0.00	0.20	0.72	0.63	 1.83	 0.63	 4.04	10.69
31	0.22	0.00	0.13	0.20	0.45	4.18	0.63	2.62	4.04	6.90
32	0.22	0.36	0.00	0.00	0.42	4.18	5.93	0.63	0.63	6.46
33	0.35	0.00	0.26	0.20	0.18	6.30	0.63	4.68	4.04	3.16
34	0.00	0.03	0.00	0.79	0.17	0.63	 1.14	 0.63	14.17	 3.04
35	0.22	0.00	0.49	0.20	0.09	4.18	0.63	8.09	4.04	1.88
36	0.00	0.53	0.00	0.20	0.27	0.63	8.45	0.63	4.04	4.36
37	0.12	0.00	0.05	0.00	0.83	2.63	 0.63	 1.38	 0.63	12.20
38	0.22	0.03	0.07	0.00	0.68	4.18	 1.14	 1.66	 0.63	10.10
39	0.12	0.53	0.00	0.00	0.34	2.63	8.45	0.63	0.63	5.41
40	0.12	0.03	0.00	0.79	0.05	2.63	 1.14	 0.63	14.17	 1.30
41	0.12	0.00	0.05	0.20	0.63	2.63	0.63	1.38	4.04	9.40
42	0.35	0.03	0.00	0.20	0.41	6.30	1.14	0.63	4.04	6.39
43	0.05	0.00	0.26	0.20	0.48	1.48	0.63	4.68	4.04	7.39
44	0.53	0.15	0.00	0.20	0.12	9.18	2.78	0.63	4.04	2.29
45	0.22	0.00	0.00	0.20	0.58	4.18	0.63	0.63	4.04	8.72
46	0.35	0.08	0.50	0.00	0.06	6.30	1.83	8.27	0.63	1.53
47	0.00	0.36	0.00	0.00	0.64	0.63	5.93	0.63	0.63	9.57
48	0.00	0.08	0.25	0.20	0.47	0.63	1.83	4.38	4.04	7.25
49	0.00	0.03	0.36	0.20	0.40	0.63	1.14	6.19	4.04	6.26
50	0.00	0.08	0.50	0.00	0.42	0.63	1.83	8.27	0.63	6.49
51	0.35	0.03	0.36	0.00	0.25	6.30	1.14	6.19	0.63	4.10
52	0.05	0.03	0.07	0.20	0.65	1.48	1.14	1.66	4.04	9.67
53	0.12	0.24	0.18	0.20	0.26	2.63	4.10	3.31	4.04	4.32
54	0.35	0.03	0.00	0.00	0.61	6.30	1.14	0.63	0.63	9.19
55	0.00	0.24	0.18	0.20	0.39	0.63	4.10	3.31	4.04	6.06
56	0.05	0.15	0.00	0.79	0.01	1.48	 2.78	 0.63	14.17	 0.73
57	0.22	0.15	0.00	0.00	0.63	4.18	2.78	0.63	0.63	9.47
58	0.12	0.00	0.86	0.00	0.02	2.63	 0.63	13.76	 0.63	 0.85
59	0.12	0.15	0.13	0.20	0.40	2.63	2.78	2.57	4.04	6.25
60	0.00	0.24	0.47	0.00	0.30	0.63	4.10	7.75	0.63	4.79
61	0.22	0.03	0.00	0.00	0.74	4.18	 1.14	 0.63	 0.63	11.04
62	0.22	0.03	0.18	0.00	0.56	4.18	1.14	3.36	0.63	8.54
63	0.05	0.24	0.00	0.00	0.71	1.48	 4.10	 0.63	 0.63	10.57
64	0.12	0.00	0.49	0.20	0.19	2.63	0.63	8.09	4.04	3.25
65	0.00	0.03	0.67	0.20	0.10	0.63	 1.14	10.87	 4.04	 1.96
66	0.35	0.15	0.00	0.20	0.30	6.30	2.78	0.63	4.04	4.81
67	0.35	0.08	0.00	0.00	0.56	6.30	1.83	0.63	0.63	8.53
68	0.53	0.00	0.05	0.20	0.22	9.18	0.63	1.38	4.04	3.67
69	0.35	0.08	0.25	0.00	0.32	6.30	1.83	4.38	0.63	5.09
70	0.00	0.00	0.26	0.20	0.54	0.63	0.63	4.68	4.04	8.13
71	0.05	0.53	0.00	0.20	0.21	1.48	8.45	0.63	4.04	3.62
72	0.22	0.08	0.00	0.20	0.50	4.18	1.83	0.63	4.04	7.58
73	0.12	0.24	0.00	0.00	0.64	2.63	4.10	0.63	0.63	9.57
74	0.12	0.36	0.24	0.00	0.27	2.63	5.93	4.32	0.63	4.44
75	0.35	0.36	0.00	0.00	0.28	6.30	5.93	0.63	0.63	4.60
76	0.22	0.03	0.67	0.00	0.07	4.18	 1.14	10.87	 0.63	 1.65
77	0.00	0.00	0.49	0.20	0.31	0.63	0.63	8.09	4.04	4.99
78	0.53	0.03	0.18	0.20	0.05	9.18	1.14	3.36	4.04	1.37
79	0.05	0.00	0.13	0.00	0.82	1.48	 0.63	 2.62	 0.63	12.07
80	0.53	0.36	0.00	0.00	0.10	9.18	5.93	0.63	0.63	2.08
81	0.12	0.24	0.00	0.20	0.44	2.63	4.10	0.63	4.04	6.77
82	0.22	0.15	0.34	0.00	0.29	4.18	2.78	5.80	0.63	4.73
83	0.35	0.08	0.09	0.20	0.27	6.30	1.83	2.04	4.04	4.43
84	0.05	0.24	0.00	0.20	0.51	1.48	4.10	0.63	4.04	7.77
85	0.05	0.53	0.00	0.00	0.41	1.48	8.45	0.63	0.63	6.42
86	0.35	0.00	0.00	0.00	0.65	6.30	0.63	0.63	0.63	9.67
87	0.00	0.03	0.67	0.00	0.30	0.63	 1.14	10.87	 0.63	 4.76
88	0.22	0.53	0.00	0.20	0.04	4.18	8.45	0.63	4.04	1.25
89	0.00	0.00	0.05	0.79	0.16	0.63	 0.63	 1.38	14.17	 2.84
90	0.12	0.53	0.00	0.20	0.14	2.63	8.45	0.63	4.04	2.61
91	0.12	0.15	0.34	0.20	0.19	2.63	2.78	5.80	4.04	3.30
92	0.05	0.08	0.50	0.20	0.17	1.48	1.83	8.27	4.04	2.95
93	0.53	0.03	0.36	0.00	0.07	9.18	1.14	6.19	0.63	1.58
94	0.78	0.00	0.00	0.00	0.22	13.08	 0.63	 0.63	 0.63	 3.73
95	0.00	0.24	0.47	0.20	0.10	0.63	4.10	7.75	4.04	1.99
96	0.78	0.00	0.00	0.20	0.02	13.08	 0.63	 0.63	 4.04	 0.93
97	0.05	0.03	0.18	0.20	0.53	1.48	1.14	3.36	4.04	8.11
98	0.35	0.24	0.18	0.00	0.23	6.30	4.10	3.31	0.63	3.90
99	0.05	0.24	0.47	0.20	0.04	1.48	4.10	7.75	4.04	1.25
100	0.00	0.36	0.00	0.20	0.44	0.63	5.93	0.63	4.04	6.77
101	0.00	0.00	0.05	0.20	0.75	0.63	 0.63	 1.38	 4.04	11.15
102	0.22	0.24	0.00	0.00	0.54	4.18	4.10	0.63	0.63	8.20
103	0.22	0.03	0.18	0.20	0.36	4.18	1.14	3.36	4.04	5.74
104	0.78	0.08	0.00	0.00	0.14	13.08	 1.83	 0.63	 0.63	 2.59
105	0.12	0.53	0.33	0.00	0.01	2.63	8.45	5.72	0.63	0.75
106	0.00	0.03	0.00	0.00	0.97	0.63	 1.14	 0.63	 0.63	14.15
107	0.53	0.15	0.00	0.00	0.32	9.18	2.78	0.63	0.63	5.09
108	0.00	0.03	0.18	0.00	0.79	0.63	 1.14	 3.36	 0.63	11.65
109	0.22	0.15	0.13	0.20	0.30	4.18	2.78	2.57	4.04	4.89
110	0.05	0.03	0.67	0.00	0.24	1.48	 1.14	10.87	 0.63	 4.02
111	0.12	0.08	0.09	0.00	0.70	2.63	 1.83	 2.04	 0.63	10.45
112	0.22	0.00	0.13	0.00	0.65	4.18	0.63	2.62	0.63	9.70
113	0.78	0.15	0.00	0.00	0.07	13.08	 2.78	 0.63	 0.63	 1.67
114	0.00	0.36	0.24	0.00	0.40	0.63	5.93	4.32	0.63	6.19
115	0.05	0.08	0.00	0.00	0.87	1.48	 1.83	 0.63	 0.63	12.75
116	0.05	0.08	0.50	0.00	0.37	1.48	1.83	8.27	0.63	5.75
117	0.78	0.03	0.07	0.00	0.12	13.08	 1.14	 1.66	 0.63	 2.31
118	0.22	0.53	0.00	0.00	0.24	4.18	8.45	0.63	0.63	4.05
119	0.05	0.15	0.13	0.20	0.47	1.48	2.78	2.57	4.04	7.26
120	0.12	0.08	0.25	0.00	0.55	2.63	1.83	4.38	0.63	8.31
121	0.35	0.03	0.07	0.00	0.54	6.30	1.14	1.66	0.63	8.25
122	0.00	0.08	0.09	0.00	0.83	0.63	 1.83	 2.04	 0.63	12.20
123	0.05	0.03	0.07	0.79	0.05	1.48	 1.14	 1.66	14.17	 1.36
124	0.05	0.08	0.09	0.20	0.57	1.48	1.83	2.04	4.04	8.66
125	0.05	0.00	0.05	0.20	0.70	1.48	 0.63	 1.38	 4.04	10.41
126	0.22	0.08	0.25	0.00	0.45	4.18	1.83	4.38	0.63	6.94
127	0.00	0.00	0.00	0.20	0.80	0.63	 0.63	 0.63	 4.04	11.83
128	0.00	0.53	0.33	0.00	0.13	0.63	8.45	5.72	0.63	2.49
129	0.05	0.08	0.00	0.20	0.67	1.48	1.83	0.63	4.04	9.95
130	0.35	0.24	0.00	0.00	0.41	6.30	4.10	0.63	0.63	6.35
131	0.78	0.00	0.05	0.00	0.17	13.08	 0.63	 1.38	 0.63	 3.04
132	0.05	0.00	0.13	0.20	0.62	1.48	0.63	2.62	4.04	9.27
133	0.53	0.24	0.00	0.00	0.23	9.18	4.10	0.63	0.63	3.83
134	0.53	0.00	0.05	0.00	0.42	9.18	0.63	1.38	0.63	6.47
135	0.12	0.08	0.50	0.20	0.09	2.63	1.83	8.27	4.04	1.95
136	0.05	0.53	0.33	0.00	0.08	1.48	8.45	5.72	0.63	1.75
137	0.12	0.03	0.67	0.00	0.17	2.63	 1.14	10.87	 0.63	 3.02
138	0.12	0.08	0.00	0.79	0.00	2.63	 1.83	 0.63	14.17	 0.64
139	0.05	0.77	0.00	0.00	0.18	1.48	11.92	 0.63	 0.63	 3.09
140	0.12	0.00	0.49	0.00	0.39	2.63	0.63	8.09	0.63	6.05
141	0.00	0.03	0.07	0.00	0.90	0.63	 1.14	 1.66	 0.63	13.21
142	0.05	0.24	0.47	0.00	0.24	1.48	4.10	7.75	0.63	4.05
143	0.12	0.08	0.00	0.00	0.79	2.63	 1.83	 0.63	 0.63	11.75
144	0.00	0.08	0.09	0.20	0.63	0.63	1.83	2.04	4.04	9.40
145	0.35	0.00	0.05	0.00	0.60	6.30	0.63	1.38	0.63	8.99
146	0.53	0.00	0.26	0.00	0.20	9.18	0.63	4.68	0.63	3.44
147	0.05	0.36	0.00	0.00	0.59	1.48	5.93	0.63	0.63	8.83
148	0.35	0.08	0.00	0.20	0.36	6.30	1.83	0.63	4.04	5.73
149	0.22	0.03	0.07	0.20	0.48	4.18	1.14	1.66	4.04	7.30
150	0.53	0.08	0.09	0.20	0.09	9.18	1.83	2.04	4.04	1.92
151	0.53	0.03	0.00	0.20	0.23	9.18	1.14	0.63	4.04	3.87
152	0.35	0.36	0.00	0.20	0.08	6.30	5.93	0.63	4.04	1.80
153	0.12	0.08	0.09	0.20	0.50	2.63	1.83	2.04	4.04	7.65
154	0.22	0.08	0.09	0.20	0.40	4.18	1.83	2.04	4.04	6.29
155	0.05	0.00	0.49	0.00	0.46	1.48	0.63	8.09	0.63	7.05
156	0.78	0.08	0.09	0.00	0.05	13.08	 1.83	 2.04	 0.63	 1.29
157	0.12	0.03	0.18	0.20	0.46	2.63	1.14	3.36	4.04	7.11
158	0.22	0.00	0.00	0.00	0.78	4.18	 0.63	 0.63	 0.63	11.52
159	0.35	0.08	0.09	0.00	0.47	6.30	1.83	2.04	0.63	7.23
160	0.53	0.03	0.18	0.00	0.25	9.18	1.14	3.36	0.63	4.17
161	0.00	0.15	0.34	0.00	0.51	0.63	2.78	5.80	0.63	7.84
162	0.00	0.00	0.86	0.00	0.14	0.63	 0.63	13.76	 0.63	 2.60
163	0.35	0.36	0.24	0.00	0.04	6.30	5.93	4.32	0.63	1.22
164	0.05	0.36	0.24	0.20	0.14	1.48	5.93	4.32	4.04	2.65
165	0.12	0.15	0.00	0.00	0.73	2.63	 2.78	 0.63	 0.63	10.83
166	0.53	0.00	0.00	0.00	0.47	9.18	0.63	0.63	0.63	7.15
167	0.05	0.00	0.13	0.79	0.02	1.48	 0.63	 2.62	14.17	 0.96
168	0.53	0.15	0.13	0.00	0.19	9.18	2.78	2.57	0.63	3.31
169	0.35	0.00	0.05	0.20	0.40	6.30	0.63	1.38	4.04	6.19
170	0.00	0.36	0.24	0.20	0.20	0.63	5.93	4.32	4.04	3.39
171	0.12	0.00	0.00	0.79	0.08	2.63	 0.63	 0.63	14.17	 1.78
172	0.12	0.03	0.00	0.00	0.84	2.63	 1.14	 0.63	 0.63	12.41
173	0.00	0.00	0.13	0.79	0.08	0.63	 0.63	 2.62	14.17	 1.70
174	0.12	0.03	0.00	0.20	0.64	2.63	1.14	0.63	4.04	9.61
175	0.05	0.24	0.18	0.20	0.33	1.48	4.10	3.31	4.04	5.32
176	0.05	0.00	0.00	0.79	0.15	1.48	 0.63	 0.63	14.17	 2.78
177	0.35	0.15	0.34	0.00	0.16	6.30	2.78	5.80	0.63	2.88
178	0.05	0.00	0.49	0.20	0.26	1.48	0.63	8.09	4.04	4.25
179	0.05	0.03	0.36	0.20	0.35	1.48	1.14	6.19	4.04	5.52
180	0.00	0.03	0.00	0.20	0.77	0.63	 1.14	 0.63	 4.04	11.35
181	0.00	0.00	0.00	0.79	0.21	0.63	 0.63	 0.63	14.17	 3.52
182	0.12	0.36	0.00	0.20	0.31	2.63	5.93	0.63	4.04	5.02
183	0.22	0.00	0.26	0.00	0.51	4.18	0.63	4.68	0.63	7.82
184	0.05	0.03	0.00	0.20	0.71	1.48	 1.14	 0.63	 4.04	10.61
185	0.53	0.03	0.00	0.00	0.43	9.18	1.14	0.63	0.63	6.67
186	0.35	0.00	0.13	0.00	0.52	6.30	0.63	2.62	0.63	7.85
187	0.78	0.03	0.00	0.00	0.19	13.08	 1.14	 0.63	 0.63	 3.25
188	0.05	0.03	0.67	0.20	0.04	1.48	 1.14	10.87	 4.04	 1.22
189	0.00	0.08	0.50	0.20	0.22	0.63	1.83	8.27	4.04	3.69
190	0.05	0.36	0.24	0.00	0.34	1.48	5.93	4.32	0.63	5.45
191	0.05	0.15	0.00	0.20	0.60	1.48	2.78	0.63	4.04	9.04
192	0.12	0.15	0.00	0.20	0.53	2.63	2.78	0.63	4.04	8.03
193	0.00	0.15	0.00	0.00	0.85	0.63	 2.78	 0.63	 0.63	12.58
194	0.00	0.00	0.13	0.00	0.87	0.63	 0.63	 2.62	 0.63	12.81
195	0.12	0.24	0.18	0.00	0.46	2.63	4.10	3.31	0.63	7.12
196	0.12	0.15	0.34	0.00	0.39	2.63	2.78	5.80	0.63	6.10
197	0.00	0.77	0.00	0.00	0.23	0.63	11.92	 0.63	 0.63	 3.83
198	0.22	0.24	0.18	0.20	0.17	4.18	4.10	3.31	4.04	2.95
199	0.05	0.03	0.00	0.00	0.91	1.48	 1.14	 0.63	 0.63	13.41
200	0.22	0.03	0.36	0.00	0.38	4.18	1.14	6.19	0.63	5.95
201	0.22	0.77	0.00	0.00	0.01	4.18	11.92	 0.63	 0.63	 0.72
202	0.22	0.00	0.49	0.00	0.29	4.18	0.63	8.09	0.63	4.68
203	0.35	0.00	0.13	0.20	0.32	6.30	0.63	2.62	4.04	5.05
204	0.78	0.03	0.18	0.00	0.01	13.08	 1.14	 3.36	 0.63	 0.75
205	0.00	0.24	0.18	0.00	0.59	0.63	4.10	3.31	0.63	8.86
206	0.22	0.03	0.00	0.20	0.54	4.18	1.14	0.63	4.04	8.24
207	0.12	0.03	0.36	0.20	0.28	2.63	1.14	6.19	4.04	4.52
208	0.35	0.15	0.13	0.20	0.17	6.30	2.78	2.57	4.04	3.03
209	0.00	0.00	0.00	0.00	1.00	0.63	 0.63	 0.63	 0.63	14.63
210	0.22	0.08	0.09	0.00	0.60	4.18	1.83	2.04	0.63	9.09
211	0.53	0.03	0.07	0.00	0.36	9.18	1.14	1.66	0.63	5.73
212	0.12	0.03	0.36	0.00	0.48	2.63	1.14	6.19	0.63	7.32
213	0.22	0.08	0.00	0.00	0.70	4.18	 1.83	 0.63	 0.63	10.38
214	0.22	0.00	0.05	0.20	0.53	4.18	0.63	1.38	4.04	8.04
215	0.35	0.03	0.18	0.00	0.43	6.30	1.14	3.36	0.63	6.69
216	0.00	0.15	0.34	0.20	0.31	0.63	2.78	5.80	4.04	5.04
217	0.05	0.15	0.34	0.00	0.46	1.48	2.78	5.80	0.63	7.10
218	0.35	0.24	0.18	0.20	0.03	6.30	4.10	3.31	4.04	1.10
219	0.12	0.15	0.13	0.00	0.60	2.63	2.78	2.57	0.63	9.05
220	0.53	0.03	0.07	0.20	0.16	9.18	1.14	1.66	4.04	2.93
221	0.53	0.24	0.18	0.00	0.05	9.18	4.10	3.31	0.63	1.38
222	0.00	0.00	0.26	0.00	0.74	0.63	 0.63	 4.68	 0.63	10.93
223	0.05	0.15	0.00	0.00	0.80	1.48	 2.78	 0.63	 0.63	11.84
224	0.53	0.00	0.00	0.20	0.27	9.18	0.63	0.63	4.04	4.35
225	0.05	0.00	0.05	0.00	0.90	1.48	 0.63	 1.38	 0.63	13.21
226	0.12	0.08	0.00	0.20	0.59	2.63	1.83	0.63	4.04	8.95
227	0.00	0.53	0.00	0.00	0.47	0.63	8.45	0.63	0.63	7.16
228	0.12	0.15	0.69	0.00	0.04	2.63	 2.78	11.14	 0.63	 1.20
229	0.22	0.15	0.13	0.00	0.50	4.18	2.78	2.57	0.63	7.69
230	0.00	0.24	0.00	0.20	0.56	0.63	4.10	0.63	4.04	8.51
231	0.53	0.00	0.26	0.20	0.00	9.18	0.63	4.68	4.04	0.64
232	0.12	0.08	0.25	0.20	0.35	2.63	1.83	4.38	4.04	5.51
233	0.12	0.00	0.00	0.00	0.88	2.63	 0.63	 0.63	 0.63	12.89
234	0.00	0.15	0.00	0.79	0.06	0.63	 2.78	 0.63	14.17	 1.46
235	0.53	0.08	0.00	0.20	0.18	9.18	1.83	0.63	4.04	3.21
236	0.35	0.03	0.36	0.20	0.05	6.30	1.14	6.19	4.04	1.30
237	0.12	0.03	0.18	0.00	0.66	2.63	1.14	3.36	0.63	9.91
238	0.05	0.03	0.07	0.00	0.85	1.48	 1.14	 1.66	 0.63	12.47
239	0.53	0.08	0.00	0.00	0.38	9.18	1.83	0.63	0.63	6.01
240	0.05	0.00	0.26	0.00	0.68	1.48	 0.63	 4.68	 0.63	10.19
241	0.05	0.00	0.00	0.00	0.95	1.48	 0.63	 0.63	 0.63	13.89
242	0.35	0.08	0.25	0.20	0.12	6.30	1.83	4.38	4.04	2.29
243	0.05	0.03	0.18	0.00	0.73	1.48	 1.14	 3.36	 0.63	10.91
244	0.00	0.00	0.13	0.20	0.67	0.63	 0.63	 2.62	 4.04	10.01
245	0.35	0.03	0.18	0.20	0.23	6.30	1.14	3.36	4.04	3.89
246	0.00	0.03	0.36	0.00	0.60	0.63	1.14	6.19	0.63	9.06
247	0.12	0.00	0.13	0.20	0.55	2.63	0.63	2.62	4.04	8.27
248	0.00	0.77	0.00	0.20	0.03	0.63	11.92	 0.63	 4.04	 1.03
249	0.22	0.08	0.25	0.20	0.25	4.18	1.83	4.38	4.04	4.14
250	0.53	0.08	0.25	0.00	0.14	9.18	1.83	4.38	0.63	2.57
251	0.53	0.00	0.13	0.20	0.14	9.18	0.63	2.62	4.04	2.53
252	0.22	0.00	0.26	0.20	0.31	4.18	0.63	4.68	4.04	5.02
253	0.05	0.15	0.34	0.20	0.26	1.48	2.78	5.80	4.04	4.30
254	0.12	0.00	0.00	0.20	0.68	2.63	 0.63	 0.63	 4.04	10.09
255	0.00	0.15	0.69	0.00	0.16	0.63	 2.78	11.14	 0.63	 2.94
256	0.00	0.08	0.00	0.79	0.12	0.63	 1.83	 0.63	14.17	 2.38
257	0.22	0.24	0.47	0.00	0.07	4.18	4.10	7.75	0.63	1.68
258	0.05	0.08	0.25	0.20	0.42	1.48	1.83	4.38	4.04	6.51
259	0.00	0.15	0.13	0.00	0.73	0.63	 2.78	 2.57	 0.63	10.80
260	0.35	0.15	0.00	0.00	0.50	6.30	2.78	0.63	0.63	7.61
261	0.22	0.24	0.00	0.20	0.34	4.18	4.10	0.63	4.04	5.40
262	0.00	0.24	0.00	0.00	0.76	0.63	 4.10	 0.63	 0.63	11.31
263	0.35	0.00	0.26	0.00	0.38	6.30	0.63	4.68	0.63	5.96
264	0.22	0.15	0.34	0.20	0.09	4.18	2.78	5.80	4.04	1.93
265	0.12	0.77	0.00	0.00	0.10	2.63	11.92	 0.63	 0.63	 2.08
266	0.05	0.00	0.05	0.79	0.10	1.48	 0.63	 1.38	14.17	 2.10
267	0.05	0.15	0.69	0.00	0.11	1.48	 2.78	11.14	 0.63	 2.20
268	0.22	0.08	0.50	0.00	0.20	4.18	1.83	8.27	0.63	3.38
269	0.00	0.08	0.00	0.00	0.92	0.63	 1.83	 0.63	 0.63	13.49
270	0.12	0.08	0.50	0.00	0.29	2.63	1.83	8.27	0.63	4.75
271	0.00	0.15	0.13	0.20	0.53	0.63	2.78	2.57	4.04	8.00
272	0.05	0.03	0.00	0.79	0.12	1.48	 1.14	 0.63	14.17	 2.30
273	0.12	0.24	0.47	0.00	0.17	2.63	4.10	7.75	0.63	3.05
274	0.05	0.08	0.25	0.00	0.62	1.48	1.83	4.38	0.63	9.31
275	0.22	0.00	0.05	0.00	0.73	4.18	 0.63	 1.38	 0.63	10.84
276	0.22	0.24	0.18	0.00	0.37	4.18	4.10	3.31	0.63	5.75
277	0.35	0.53	0.00	0.00	0.11	6.30	8.45	0.63	0.63	2.19
278	0.12	0.00	0.26	0.20	0.41	2.63	0.63	4.68	4.04	6.38
279	0.22	0.36	0.24	0.00	0.17	4.18	5.93	4.32	0.63	3.08
280	0.00	0.08	0.09	0.79	0.03	0.63	 1.83	 2.04	14.17	 1.09
281	0.05	0.15	0.13	0.00	0.67	1.48	 2.78	 2.57	 0.63	10.06
282	0.35	0.00	0.49	0.00	0.16	6.30	0.63	8.09	0.63	2.83
283	0.05	0.00	0.00	0.20	0.75	1.48	 0.63	 0.63	 4.04	11.09
284	0.05	0.03	0.36	0.00	0.55	1.48	1.14	6.19	0.63	8.32
285	0.00	0.03	0.07	0.79	0.10	0.63	 1.14	 1.66	14.17	 2.10
Mixer 2
Code#	Flow_Sm	Flow_Dy	Flow_Tm	Flow_CeTb	Flow_Eu	P_Sm	P_Dy	P_Tm	P_CeTb	P_Eu
1	0.22	0.36	0.00	0.20	0.22	3.61	5.62	0.29	3.09	3.31
2	0.35	0.15	0.13	0.00	0.37	5.59	2.45	2.31	0.29	5.48
3	0.12	0.36	0.24	0.20	0.07	2.15	5.62	4.12	3.09	1.29
4	0.05	0.00	0.86	0.00	0.09	1.08	 0.29	13.96	 0.29	 1.51
5	0.05	0.08	0.09	0.00	0.77	1.08	 1.49	 1.75	 0.29	11.11
6	0.12	0.03	0.07	0.00	0.77	2.15	 0.79	 1.35	 0.29	11.12
7	0.12	0.03	0.07	0.20	0.57	2.15	0.79	1.35	3.09	8.32
8	0.35	0.24	0.00	0.20	0.21	5.59	3.78	0.29	3.09	3.20
9	0.12	0.00	0.13	0.00	0.75	2.15	 0.29	 2.35	 0.29	10.72
10	0.12	0.00	0.05	0.79	0.03	2.15	 0.29	 1.06	11.40	 0.75
11	0.22	0.03	0.36	0.20	0.18	3.61	0.79	6.07	3.09	2.81
12	0.00	0.08	0.25	0.00	0.67	0.29	1.49	4.19	0.29	9.70
13	0.35	0.03	0.07	0.20	0.34	5.59	0.79	1.35	3.09	5.10
14	0.12	0.00	0.26	0.00	0.61	2.15	0.29	4.50	0.29	8.83
15	0.12	0.36	0.00	0.00	0.51	2.15	5.62	0.29	0.29	7.47
16	0.53	0.08	0.09	0.00	0.29	8.28	1.49	1.75	0.29	4.37
17	0.78	0.00	0.13	0.00	0.09	11.94	 0.29	 2.35	 0.29	 1.56
18	0.00	0.15	0.00	0.20	0.65	0.29	2.45	0.29	3.09	9.43
19	0.53	0.00	0.13	0.00	0.34	8.28	0.29	2.35	0.29	4.98
20	0.22	0.15	0.00	0.20	0.43	3.61	2.45	0.29	3.09	6.32
21	0.05	0.24	0.18	0.00	0.53	1.08	3.78	3.07	0.29	7.77
22	0.35	0.00	0.00	0.20	0.45	5.59	0.29	0.29	3.09	6.52
23	0.00	0.00	0.05	0.00	0.95	0.29	 0.29	 1.06	 0.29	13.60
24	0.00	0.03	0.07	0.20	0.70	0.29	 0.79	 1.35	 3.09	10.07
25	0.00	0.03	0.18	0.20	0.59	0.29	0.79	3.13	3.09	8.50
26	0.05	0.36	0.00	0.20	0.39	1.08	5.62	0.29	3.09	5.68
27	0.00	0.00	0.49	0.00	0.51	0.29	0.29	8.05	0.29	7.45
28	0.05	0.08	0.00	0.79	0.07	1.08	 1.49	 0.29	11.40	 1.29
29	0.53	0.24	0.00	0.20	0.03	8.28	3.78	0.29	3.09	0.68
30	0.00	0.08	0.00	0.20	0.72	0.29	 1.49	 0.29	 3.09	10.34
31	0.22	0.00	0.13	0.20	0.45	3.61	0.29	2.35	3.09	6.55
32	0.22	0.36	0.00	0.00	0.42	3.61	5.62	0.29	0.29	6.11
33	0.35	0.00	0.26	0.20	0.18	5.59	0.29	4.50	3.09	2.81
34	0.00	0.03	0.00	0.79	0.17	0.29	 0.79	 0.29	11.40	 2.69
35	0.22	0.00	0.49	0.20	0.09	3.61	0.29	8.05	3.09	1.54
36	0.00	0.53	0.00	0.20	0.27	0.29	8.16	0.29	3.09	4.01
37	0.12	0.00	0.05	0.00	0.83	2.15	 0.29	 1.06	 0.29	11.86
38	0.22	0.03	0.07	0.00	0.68	3.61	0.79	1.35	0.29	9.76
39	0.12	0.53	0.00	0.00	0.34	2.15	8.16	0.29	0.29	5.06
40	0.12	0.03	0.00	0.79	0.05	2.15	 0.79	 0.29	11.40	 0.95
41	0.12	0.00	0.05	0.20	0.63	2.15	0.29	1.06	3.09	9.06
42	0.35	0.03	0.00	0.20	0.41	5.59	0.79	0.29	3.09	6.04
43	0.05	0.00	0.26	0.20	0.48	1.08	0.29	4.50	3.09	7.04
44	0.53	0.15	0.00	0.20	0.12	8.28	2.45	0.29	3.09	1.94
45	0.22	0.00	0.00	0.20	0.58	3.61	0.29	0.29	3.09	8.38
46	0.35	0.08	0.50	0.00	0.06	5.59	1.49	8.23	0.29	1.18
47	0.00	0.36	0.00	0.00	0.64	0.29	5.62	0.29	0.29	9.22
48	0.00	0.08	0.25	0.20	0.47	0.29	1.49	4.19	3.09	6.90
49	0.00	0.03	0.36	0.20	0.40	0.29	0.79	6.07	3.09	5.91
50	0.00	0.08	0.50	0.00	0.42	0.29	1.49	8.23	0.29	6.14
51	0.35	0.03	0.36	0.00	0.25	5.59	0.79	6.07	0.29	3.75
52	0.05	0.03	0.07	0.20	0.65	1.08	0.79	1.35	3.09	9.33
53	0.12	0.24	0.18	0.20	0.26	2.15	3.78	3.07	3.09	3.97
54	0.35	0.03	0.00	0.00	0.61	5.59	0.79	0.29	0.29	8.84
55	0.00	0.24	0.18	0.20	0.39	0.29	3.78	3.07	3.09	5.71
56	0.05	0.15	0.00	0.79	0.01	1.08	 2.45	 0.29	11.40	 0.38
57	0.22	0.15	0.00	0.00	0.63	3.61	2.45	0.29	0.29	9.12
58	0.12	0.00	0.86	0.00	0.02	2.15	 0.29	13.96	 0.29	 0.50
59	0.12	0.15	0.13	0.20	0.40	2.15	2.45	2.31	3.09	5.90
60	0.00	0.24	0.47	0.00	0.30	0.29	3.78	7.69	0.29	4.44
61	0.22	0.03	0.00	0.00	0.74	3.61	 0.79	 0.29	 0.29	10.70
62	0.22	0.03	0.18	0.00	0.56	3.61	0.79	3.13	0.29	8.20
63	0.05	0.24	0.00	0.00	0.71	1.08	 3.78	 0.29	 0.29	10.22
64	0.12	0.00	0.49	0.20	0.19	2.15	0.29	8.05	3.09	2.90
65	0.00	0.03	0.67	0.20	0.10	0.29	 0.79	10.95	 3.09	 1.62
66	0.35	0.15	0.00	0.20	0.30	5.59	2.45	0.29	3.09	4.46
67	0.35	0.08	0.00	0.00	0.56	5.59	1.49	0.29	0.29	8.18
68	0.53	0.00	0.05	0.20	0.22	8.28	0.29	1.06	3.09	3.32
69	0.35	0.08	0.25	0.00	0.32	5.59	1.49	4.19	0.29	4.74
70	0.00	0.00	0.26	0.20	0.54	0.29	0.29	4.50	3.09	7.78
71	0.05	0.53	0.00	0.20	0.21	1.08	8.16	0.29	3.09	3.27
72	0.22	0.08	0.00	0.20	0.50	3.61	1.49	0.29	3.09	7.23
73	0.12	0.24	0.00	0.00	0.64	2.15	3.78	0.29	0.29	9.22
74	0.12	0.36	0.24	0.00	0.27	2.15	5.62	4.12	0.29	4.09
75	0.35	0.36	0.00	0.00	0.28	5.59	5.62	0.29	0.29	4.25
76	0.22	0.03	0.67	0.00	0.07	3.61	 0.79	10.95	 0.29	 1.31
77	0.00	0.00	0.49	0.20	0.31	0.29	0.29	8.05	3.09	4.65
78	0.53	0.03	0.18	0.20	0.05	8.28	0.79	3.13	3.09	1.02
79	0.05	0.00	0.13	0.00	0.82	1.08	 0.29	 2.35	 0.29	11.72
80	0.53	0.36	0.00	0.00	0.10	8.28	5.62	0.29	0.29	1.73
81	0.12	0.24	0.00	0.20	0.44	2.15	3.78	0.29	3.09	6.42
82	0.22	0.15	0.34	0.00	0.29	3.61	2.45	5.66	0.29	4.38
83	0.35	0.08	0.09	0.20	0.27	5.59	1.49	1.75	3.09	4.09
84	0.05	0.24	0.00	0.20	0.51	1.08	3.78	0.29	3.09	7.42
85	0.05	0.53	0.00	0.00	0.41	1.08	8.16	0.29	0.29	6.07
86	0.35	0.00	0.00	0.00	0.65	5.59	0.29	0.29	0.29	9.32
87	0.00	0.03	0.67	0.00	0.30	0.29	 0.79	10.95	 0.29	 4.42
88	0.22	0.53	0.00	0.20	0.04	3.61	8.16	0.29	3.09	0.90
89	0.00	0.00	0.05	0.79	0.16	0.29	 0.29	 1.06	11.40	 2.49
90	0.12	0.53	0.00	0.20	0.14	2.15	8.16	0.29	3.09	2.26
91	0.12	0.15	0.34	0.20	0.19	2.15	2.45	5.66	3.09	2.95
92	0.05	0.08	0.50	0.20	0.17	1.08	1.49	8.23	3.09	2.60
93	0.53	0.03	0.36	0.00	0.07	8.28	0.79	6.07	0.29	1.23
94	0.78	0.00	0.00	0.00	0.22	11.94	 0.29	 0.29	 0.29	 3.38
95	0.00	0.24	0.47	0.20	0.10	0.29	3.78	7.69	3.09	1.64
96	0.78	0.00	0.00	0.20	0.02	11.94	 0.29	 0.29	 3.09	 0.58
97	0.05	0.03	0.18	0.20	0.53	1.08	0.79	3.13	3.09	7.76
98	0.35	0.24	0.18	0.00	0.23	5.59	3.78	3.07	0.29	3.55
99	0.05	0.24	0.47	0.20	0.04	1.08	3.78	7.69	3.09	0.90
100	0.00	0.36	0.00	0.20	0.44	0.29	5.62	0.29	3.09	6.42
101	0.00	0.00	0.05	0.20	0.75	0.29	 0.29	 1.06	 3.09	10.80
102	0.22	0.24	0.00	0.00	0.54	3.61	3.78	0.29	0.29	7.85
103	0.22	0.03	0.18	0.20	0.36	3.61	0.79	3.13	3.09	5.40
104	0.78	0.08	0.00	0.00	0.14	11.94	 1.49	 0.29	 0.29	 2.24
105	0.12	0.53	0.33	0.00	0.01	2.15	8.16	5.58	0.29	0.40
106	0.00	0.03	0.00	0.00	0.97	0.29	 0.79	 0.29	 0.29	13.81
107	0.53	0.15	0.00	0.00	0.32	8.28	2.45	0.29	0.29	4.74
108	0.00	0.03	0.18	0.00	0.79	0.29	 0.79	 3.13	 0.29	11.30
109	0.22	0.15	0.13	0.20	0.30	3.61	2.45	2.31	3.09	4.54
110	0.05	0.03	0.67	0.00	0.24	1.08	 0.79	10.95	 0.29	 3.68
111	0.12	0.08	0.09	0.00	0.70	2.15	 1.49	 1.75	 0.29	10.11
112	0.22	0.00	0.13	0.00	0.65	3.61	0.29	2.35	0.29	9.35
113	0.78	0.15	0.00	0.00	0.07	11.94	 2.45	 0.29	 0.29	 1.32
114	0.00	0.36	0.24	0.00	0.40	0.29	5.62	4.12	0.29	5.84
115	0.05	0.08	0.00	0.00	0.87	1.08	 1.49	 0.29	 0.29	12.40
116	0.05	0.08	0.50	0.00	0.37	1.08	1.49	8.23	0.29	5.40
117	0.78	0.03	0.07	0.00	0.12	11.94	 0.79	 1.35	 0.29	 1.96
118	0.22	0.53	0.00	0.00	0.24	3.61	8.16	0.29	0.29	3.70
119	0.05	0.15	0.13	0.20	0.47	1.08	2.45	2.31	3.09	6.91
120	0.12	0.08	0.25	0.00	0.55	2.15	1.49	4.19	0.29	7.96
121	0.35	0.03	0.07	0.00	0.54	5.59	0.79	1.35	0.29	7.90
122	0.00	0.08	0.09	0.00	0.83	0.29	 1.49	 1.75	 0.29	11.85
123	0.05	0.03	0.07	0.79	0.05	1.08	 0.79	 1.35	11.40	 1.01
124	0.05	0.08	0.09	0.20	0.57	1.08	1.49	1.75	3.09	8.31
125	0.05	0.00	0.05	0.20	0.70	1.08	 0.29	 1.06	 3.09	10.06
126	0.22	0.08	0.25	0.00	0.45	3.61	1.49	4.19	0.29	6.59
127	0.00	0.00	0.00	0.20	0.80	0.29	 0.29	 0.29	 3.09	11.49
128	0.00	0.53	0.33	0.00	0.13	0.29	8.16	5.58	0.29	2.14
129	0.05	0.08	0.00	0.20	0.67	1.08	1.49	0.29	3.09	9.60
130	0.35	0.24	0.00	0.00	0.41	5.59	3.78	0.29	0.29	6.00
131	0.78	0.00	0.05	0.00	0.17	11.94	 0.29	 1.06	 0.29	 2.70
132	0.05	0.00	0.13	0.20	0.62	1.08	0.29	2.35	3.09	8.92
133	0.53	0.24	0.00	0.00	0.23	8.28	3.78	0.29	0.29	3.48
134	0.53	0.00	0.05	0.00	0.42	8.28	0.29	1.06	0.29	6.12
135	0.12	0.08	0.50	0.20	0.09	2.15	1.49	8.23	3.09	1.60
136	0.05	0.53	0.33	0.00	0.08	1.08	8.16	5.58	0.29	1.40
137	0.12	0.03	0.67	0.00	0.17	2.15	 0.79	10.95	 0.29	 2.67
138	0.12	0.08	0.00	0.79	0.00	2.15	 1.49	 0.29	11.40	 0.29
139	0.05	0.77	0.00	0.00	0.18	1.08	11.67	 0.29	 0.29	 2.74
140	0.12	0.00	0.49	0.00	0.39	2.15	0.29	8.05	0.29	5.70
141	0.00	0.03	0.07	0.00	0.90	0.29	 0.79	 1.35	 0.29	12.87
142	0.05	0.24	0.47	0.00	0.24	1.08	3.78	7.69	0.29	3.70
143	0.12	0.08	0.00	0.00	0.79	2.15	 1.49	 0.29	 0.29	11.40
144	0.00	0.08	0.09	0.20	0.63	0.29	1.49	1.75	3.09	9.05
145	0.35	0.00	0.05	0.00	0.60	5.59	0.29	1.06	0.29	8.64
146	0.53	0.00	0.26	0.00	0.20	8.28	0.29	4.50	0.29	3.09
147	0.05	0.36	0.00	0.00	0.59	1.08	5.62	0.29	0.29	8.48
148	0.35	0.08	0.00	0.20	0.36	5.59	1.49	0.29	3.09	5.38
149	0.22	0.03	0.07	0.20	0.48	3.61	0.79	1.35	3.09	6.96
150	0.53	0.08	0.09	0.20	0.09	8.28	1.49	1.75	3.09	1.57
151	0.53	0.03	0.00	0.20	0.23	8.28	0.79	0.29	3.09	3.52
152	0.35	0.36	0.00	0.20	0.08	5.59	5.62	0.29	3.09	1.45
153	0.12	0.08	0.09	0.20	0.50	2.15	1.49	1.75	3.09	7.31
154	0.22	0.08	0.09	0.20	0.40	3.61	1.49	1.75	3.09	5.94
155	0.05	0.00	0.49	0.00	0.46	1.08	0.29	8.05	0.29	6.71
156	0.78	0.08	0.09	0.00	0.05	11.94	 1.49	 1.75	 0.29	 0.94
157	0.12	0.03	0.18	0.20	0.46	2.15	0.79	3.13	3.09	6.76
158	0.22	0.00	0.00	0.00	0.78	3.61	 0.29	 0.29	 0.29	11.18
159	0.35	0.08	0.09	0.00	0.47	5.59	1.49	1.75	0.29	6.89
160	0.53	0.03	0.18	0.00	0.25	8.28	0.79	3.13	0.29	3.82
161	0.00	0.15	0.34	0.00	0.51	0.29	2.45	5.66	0.29	7.49
162	0.00	0.00	0.86	0.00	0.14	0.29	 0.29	13.96	 0.29	 2.25
163	0.35	0.36	0.24	0.00	0.04	5.59	5.62	4.12	0.29	0.87
164	0.05	0.36	0.24	0.20	0.14	1.08	5.62	4.12	3.09	2.30
165	0.12	0.15	0.00	0.00	0.73	2.15	 2.45	 0.29	 0.29	10.48
166	0.53	0.00	0.00	0.00	0.47	8.28	0.29	0.29	0.29	6.80
167	0.05	0.00	0.13	0.79	0.02	1.08	 0.29	 2.35	11.40	 0.61
168	0.53	0.15	0.13	0.00	0.19	8.28	2.45	2.31	0.29	2.96
169	0.35	0.00	0.05	0.20	0.40	5.59	0.29	1.06	3.09	5.84
170	0.00	0.36	0.24	0.20	0.20	0.29	5.62	4.12	3.09	3.04
171	0.12	0.00	0.00	0.79	0.08	2.15	 0.29	 0.29	11.40	 1.43
172	0.12	0.03	0.00	0.00	0.84	2.15	 0.79	 0.29	 0.29	12.06
173	0.00	0.00	0.13	0.79	0.08	0.29	 0.29	 2.35	11.40	 1.35
174	0.12	0.03	0.00	0.20	0.64	2.15	0.79	0.29	3.09	9.26
175	0.05	0.24	0.18	0.20	0.33	1.08	3.78	3.07	3.09	4.97
176	0.05	0.00	0.00	0.79	0.15	1.08	 0.29	 0.29	11.40	 2.43
177	0.35	0.15	0.34	0.00	0.16	5.59	2.45	5.66	0.29	2.53
178	0.05	0.00	0.49	0.20	0.26	1.08	0.29	8.05	3.09	3.91
179	0.05	0.03	0.36	0.20	0.35	1.08	0.79	6.07	3.09	5.17
180	0.00	0.03	0.00	0.20	0.77	0.29	 0.79	 0.29	 3.09	11.01
181	0.00	0.00	0.00	0.79	0.21	0.29	 0.29	 0.29	11.40	 3.17
182	0.12	0.36	0.00	0.20	0.31	2.15	5.62	0.29	3.09	4.67
183	0.22	0.00	0.26	0.00	0.51	3.61	0.29	4.50	0.29	7.47
184	0.05	0.03	0.00	0.20	0.71	1.08	 0.79	 0.29	 3.09	10.27
185	0.53	0.03	0.00	0.00	0.43	8.28	0.79	0.29	0.29	6.32
186	0.35	0.00	0.13	0.00	0.52	5.59	0.29	2.35	0.29	7.50
187	0.78	0.03	0.00	0.00	0.19	11.94	 0.79	 0.29	 0.29	 2.90
188	0.05	0.03	0.67	0.20	0.04	1.08	 0.79	10.95	 3.09	 0.88
189	0.00	0.08	0.50	0.20	0.22	0.29	1.49	8.23	3.09	3.34
190	0.05	0.36	0.24	0.00	0.34	1.08	5.62	4.12	0.29	5.10
191	0.05	0.15	0.00	0.20	0.60	1.08	2.45	0.29	3.09	8.69
192	0.12	0.15	0.00	0.20	0.53	2.15	2.45	0.29	3.09	7.68
193	0.00	0.15	0.00	0.00	0.85	0.29	 2.45	 0.29	 0.29	12.23
194	0.00	0.00	0.13	0.00	0.87	0.29	 0.29	 2.35	 0.29	12.46
195	0.12	0.24	0.18	0.00	0.46	2.15	3.78	3.07	0.29	6.77
196	0.12	0.15	0.34	0.00	0.39	2.15	2.45	5.66	0.29	5.75
197	0.00	0.77	0.00	0.00	0.23	0.29	11.67	 0.29	 0.29	 3.48
198	0.22	0.24	0.18	0.20	0.17	3.61	3.78	3.07	3.09	2.60
199	0.05	0.03	0.00	0.00	0.91	1.08	 0.79	 0.29	 0.29	13.07
200	0.22	0.03	0.36	0.00	0.38	3.61	0.79	6.07	0.29	5.61
201	0.22	0.77	0.00	0.00	0.01	3.61	11.67	 0.29	 0.29	 0.37
202	0.22	0.00	0.49	0.00	0.29	3.61	0.29	8.05	0.29	4.34
203	0.35	0.00	0.13	0.20	0.32	5.59	0.29	2.35	3.09	4.70
204	0.78	0.03	0.18	0.00	0.01	11.94	 0.79	 3.13	 0.29	 0.40
205	0.00	0.24	0.18	0.00	0.59	0.29	3.78	3.07	0.29	8.51
206	0.22	0.03	0.00	0.20	0.54	3.61	0.79	0.29	3.09	7.90
207	0.12	0.03	0.36	0.20	0.28	2.15	0.79	6.07	3.09	4.17
208	0.35	0.15	0.13	0.20	0.17	5.59	2.45	2.31	3.09	2.68
209	0.00	0.00	0.00	0.00	1.00	0.29	 0.29	 0.29	 0.29	14.29
210	0.22	0.08	0.09	0.00	0.60	3.61	1.49	1.75	0.29	8.74
211	0.53	0.03	0.07	0.00	0.36	8.28	0.79	1.35	0.29	5.38
212	0.12	0.03	0.36	0.00	0.48	2.15	0.79	6.07	0.29	6.97
213	0.22	0.08	0.00	0.00	0.70	3.61	 1.49	 0.29	 0.29	10.03
214	0.22	0.00	0.05	0.20	0.53	3.61	0.29	1.06	3.09	7.69
215	0.35	0.03	0.18	0.00	0.43	5.59	0.79	3.13	0.29	6.34
216	0.00	0.15	0.34	0.20	0.31	0.29	2.45	5.66	3.09	4.69
217	0.05	0.15	0.34	0.00	0.46	1.08	2.45	5.66	0.29	6.75
218	0.35	0.24	0.18	0.20	0.03	5.59	3.78	3.07	3.09	0.75
219	0.12	0.15	0.13	0.00	0.60	2.15	2.45	2.31	0.29	8.70
220	0.53	0.03	0.07	0.20	0.16	8.28	0.79	1.35	3.09	2.58
221	0.53	0.24	0.18	0.00	0.05	8.28	3.78	3.07	0.29	1.03
222	0.00	0.00	0.26	0.00	0.74	0.29	 0.29	 4.50	 0.29	10.58
223	0.05	0.15	0.00	0.00	0.80	1.08	 2.45	 0.29	 0.29	11.49
224	0.53	0.00	0.00	0.20	0.27	8.28	0.29	0.29	3.09	4.00
225	0.05	0.00	0.05	0.00	0.90	1.08	 0.29	 1.06	 0.29	12.86
226	0.12	0.08	0.00	0.20	0.59	2.15	1.49	0.29	3.09	8.60
227	0.00	0.53	0.00	0.00	0.47	0.29	8.16	0.29	0.29	6.81
228	0.12	0.15	0.69	0.00	0.04	2.15	 2.45	11.23	 0.29	 0.85
229	0.22	0.15	0.13	0.00	0.50	3.61	2.45	2.31	0.29	7.34
230	0.00	0.24	0.00	0.20	0.56	0.29	3.78	0.29	3.09	8.16
231	0.53	0.00	0.26	0.20	0.00	8.28	0.29	4.50	3.09	0.29
232	0.12	0.08	0.25	0.20	0.35	2.15	1.49	4.19	3.09	5.16
233	0.12	0.00	0.00	0.00	0.88	2.15	 0.29	 0.29	 0.29	12.54
234	0.00	0.15	0.00	0.79	0.06	0.29	 2.45	 0.29	11.40	 1.12
235	0.53	0.08	0.00	0.20	0.18	8.28	1.49	0.29	3.09	2.86
236	0.35	0.03	0.36	0.20	0.05	5.59	0.79	6.07	3.09	0.95
237	0.12	0.03	0.18	0.00	0.66	2.15	0.79	3.13	0.29	9.56
238	0.05	0.03	0.07	0.00	0.85	1.08	 0.79	 1.35	 0.29	12.13
239	0.53	0.08	0.00	0.00	0.38	8.28	1.49	0.29	0.29	5.66
240	0.05	0.00	0.26	0.00	0.68	1.08	0.29	4.50	0.29	9.84
241	0.05	0.00	0.00	0.00	0.95	1.08	 0.29	 0.29	 0.29	13.55
242	0.35	0.08	0.25	0.20	0.12	5.59	1.49	4.19	3.09	1.94
243	0.05	0.03	0.18	0.00	0.73	1.08	 0.79	 3.13	 0.29	10.56
244	0.00	0.00	0.13	0.20	0.67	0.29	0.29	2.35	3.09	9.66
245	0.35	0.03	0.18	0.20	0.23	5.59	0.79	3.13	3.09	3.54
246	0.00	0.03	0.36	0.00	0.60	0.29	0.79	6.07	0.29	8.71
247	0.12	0.00	0.13	0.20	0.55	2.15	0.29	2.35	3.09	7.92
248	0.00	0.77	0.00	0.20	0.03	0.29	11.67	 0.29	 3.09	 0.68
249	0.22	0.08	0.25	0.20	0.25	3.61	1.49	4.19	3.09	3.79
250	0.53	0.08	0.25	0.00	0.14	8.28	1.49	4.19	0.29	2.22
251	0.53	0.00	0.13	0.20	0.14	8.28	0.29	2.35	3.09	2.18
252	0.22	0.00	0.26	0.20	0.31	3.61	0.29	4.50	3.09	4.67
253	0.05	0.15	0.34	0.20	0.26	1.08	2.45	5.66	3.09	3.95
254	0.12	0.00	0.00	0.20	0.68	2.15	0.29	0.29	3.09	9.74
255	0.00	0.15	0.69	0.00	0.16	0.29	 2.45	11.23	 0.29	 2.59
256	0.00	0.08	0.00	0.79	0.12	0.29	 1.49	 0.29	11.40	 2.03
257	0.22	0.24	0.47	0.00	0.07	3.61	3.78	7.69	0.29	1.33
258	0.05	0.08	0.25	0.20	0.42	1.08	1.49	4.19	3.09	6.16
259	0.00	0.15	0.13	0.00	0.73	0.29	 2.45	 2.31	 0.29	10.45
260	0.35	0.15	0.00	0.00	0.50	5.59	2.45	0.29	0.29	7.26
261	0.22	0.24	0.00	0.20	0.34	3.61	3.78	0.29	3.09	5.05
262	0.00	0.24	0.00	0.00	0.76	0.29	 3.78	 0.29	 0.29	10.96
263	0.35	0.00	0.26	0.00	0.38	5.59	0.29	4.50	0.29	5.61
264	0.22	0.15	0.34	0.20	0.09	3.61	2.45	5.66	3.09	1.58
265	0.12	0.77	0.00	0.00	0.10	2.15	11.67	 0.29	 0.29	 1.73
266	0.05	0.00	0.05	0.79	0.10	1.08	 0.29	 1.06	11.40	 1.75
267	0.05	0.15	0.69	0.00	0.11	1.08	 2.45	11.23	 0.29	 1.85
268	0.22	0.08	0.50	0.00	0.20	3.61	1.49	8.23	0.29	3.03
269	0.00	0.08	0.00	0.00	0.92	0.29	 1.49	 0.29	 0.29	13.14
270	0.12	0.08	0.50	0.00	0.29	2.15	1.49	8.23	0.29	4.40
271	0.00	0.15	0.13	0.20	0.53	0.29	2.45	2.31	3.09	7.65
272	0.05	0.03	0.00	0.79	0.12	1.08	 0.79	 0.29	11.40	 1.95
273	0.12	0.24	0.47	0.00	0.17	2.15	3.78	7.69	0.29	2.70
274	0.05	0.08	0.25	0.00	0.62	1.08	1.49	4.19	0.29	8.96
275	0.22	0.00	0.05	0.00	0.73	3.61	 0.29	 1.06	 0.29	10.49
276	0.22	0.24	0.18	0.00	0.37	3.61	3.78	3.07	0.29	5.40
277	0.35	0.53	0.00	0.00	0.11	5.59	8.16	0.29	0.29	1.84
278	0.12	0.00	0.26	0.20	0.41	2.15	0.29	4.50	3.09	6.03
279	0.22	0.36	0.24	0.00	0.17	3.61	5.62	4.12	0.29	2.73
280	0.00	0.08	0.09	0.79	0.03	0.29	 1.49	 1.75	11.40	 0.74
281	0.05	0.15	0.13	0.00	0.67	1.08	2.45	2.31	0.29	9.71
282	0.35	0.00	0.49	0.00	0.16	5.59	0.29	8.05	0.29	2.48
283	0.05	0.00	0.00	0.20	0.75	1.08	 0.29	 0.29	 3.09	10.75
284	0.05	0.03	0.36	0.00	0.55	1.08	0.79	6.07	0.29	7.97
285	0.00	0.03	0.07	0.79	0.10	0.29	 0.79	 1.35	11.40	 1.75
21-Nov-2014 16:52:42 Setting valves: 8 to 1
21-Nov-2014 16:52:42 Setting valves: 9 to 1
21-Nov-2014 16:52:42 Setting valves: 10 to 1
21-Nov-2014 16:52:42 Setting valves: 11 to 1
21-Nov-2014 16:52:42 Setting valves: 12 to 1
21-Nov-2014 16:52:42 Setting valves: 13 to 1
21-Nov-2014 16:52:42 Setting valves: 15 to 1
21-Nov-2014 16:52:42 Setting valves: 16 to 1
21-Nov-2014 16:52:42 Setting valves: 17 to 1
21-Nov-2014 16:52:42 Setting valves: 18 to 1
21-Nov-2014 16:52:42 Setting valves: 19 to 1
21-Nov-2014 16:52:42 Setting valves: 20 to 1
21-Nov-2014 16:52:42 Setting valves: 22 to 1
21-Nov-2014 16:52:42 Setting valves: 23 to 1
21-Nov-2014 16:52:42 Setting valves: 24 to 1
21-Nov-2014 16:52:42 Setting valves: 25 to 1
21-Nov-2014 16:52:42 Setting valves: 26 to 1
21-Nov-2014 16:52:42 Setting valves: 27 to 1
21-Nov-2014 16:52:43 Setting valves: 28 to 1
21-Nov-2014 16:52:43 Setting valves: 29 to 1
21-Nov-2014 16:52:43 Setting valves: 30 to 1
21-Nov-2014 16:52:43 Setting valves: 31 to 1
21-Nov-2014 16:52:43 Setting valves: 32 to 1
21-Nov-2014 16:52:43 Setting valves: 33 to 1
21-Nov-2014 16:52:43 Setting valves: 34 to 1
21-Nov-2014 16:52:43 Setting valves: 34 to 0
21-Nov-2014 16:52:43 Error: expected to set values 0 read back 1
21-Nov-2014 16:52:43 Retried setting valves; succeeded!
21-Nov-2014 16:52:43 Setting valves: 9 to 0
21-Nov-2014 16:52:43 Error: expected to set values 0 read back 1
21-Nov-2014 16:52:43 Retried setting valves; succeeded!
21-Nov-2014 16:52:43 Setting valves: 12  18 to 0  0
21-Nov-2014 16:52:43 Setting valves: 24 to 0
21-Nov-2014 16:52:43 Setting valves: 31 to 0
21-Nov-2014 16:52:50 Setting valves: 24 to 1
21-Nov-2014 16:52:50 Setting valves: 20 to 0
21-Nov-2014 16:52:50 Setting valves: 22 to 0
21-Nov-2014 16:52:51 Setting valves: 26 to 0
21-Nov-2014 16:52:51 Setting valves: 19 to 0
21-Nov-2014 16:54:37 Setting valves: 20  22  23  26  19 to 1  1  1  1  1
21-Nov-2014 16:54:37 Setting valves: 12  18 to 1  1
21-Nov-2014 16:54:38 Setting valves: 16 to 0
21-Nov-2014 16:54:38 Setting valves: 13 to 0
21-Nov-2014 16:54:54 Setting valves: 11 to 0
% Making Code # 1 = [0.22  0.36  0.00  0.20]
21-Nov-2014 16:57:58 Setting valves: 11 to 1
21-Nov-2014 16:57:59 Setting valves: 11 to 1
21-Nov-2014 16:57:59 Setting valves: 13 to 1
21-Nov-2014 16:57:59 Setting valves: 12  18 to 0  0
21-Nov-2014 16:58:00 Setting valves: 24 to 0
21-Nov-2014 16:58:01 Setting valves: 31 to 0
21-Nov-2014 16:58:08 Setting valves: 24 to 1
21-Nov-2014 16:58:09 Setting valves: 20 to 0
21-Nov-2014 16:58:09 Setting valves: 22 to 0
21-Nov-2014 16:58:09 Setting valves: 23 to 0
21-Nov-2014 16:58:09 Setting valves: 19 to 0
21-Nov-2014 16:59:55 Setting valves: 20  22  23  26  19 to 1  1  1  1  1
21-Nov-2014 16:59:55 Setting valves: 12  18 to 1  1
21-Nov-2014 16:59:55 Setting valves: 16 to 0
21-Nov-2014 16:59:56 Setting valves: 13 to 0
21-Nov-2014 17:00:13 Setting valves: 11 to 0
% Making Code # 2 = [0.35  0.15  0.13  0.00]
21-Nov-2014 17:03:18 Setting valves: 11 to 1
21-Nov-2014 17:03:19 Setting valves: 11 to 1
21-Nov-2014 17:03:19 Setting valves: 13 to 1
21-Nov-2014 17:03:19 Setting valves: 12  18 to 0  0
21-Nov-2014 17:03:20 Setting valves: 24 to 0
21-Nov-2014 17:03:21 Setting valves: 31 to 0
21-Nov-2014 17:03:28 Setting valves: 24 to 1
21-Nov-2014 17:03:29 Setting valves: 20 to 0
21-Nov-2014 17:03:29 Setting valves: 22 to 0
21-Nov-2014 17:03:29 Setting valves: 23 to 0
21-Nov-2014 17:03:29 Setting valves: 26 to 0
21-Nov-2014 17:03:29 Setting valves: 19 to 0
21-Nov-2014 17:05:15 Setting valves: 20  22  23  26  19 to 1  1  1  1  1
21-Nov-2014 17:05:15 Setting valves: 12  18 to 1  1
21-Nov-2014 17:05:16 Setting valves: 16 to 0
21-Nov-2014 17:05:17 Setting valves: 13 to 0
21-Nov-2014 17:05:33 Setting valves: 11 to 0
% Making Code # 3 = [0.12  0.36  0.24  0.20]
21-Nov-2014 17:08:39 Setting valves: 11 to 1
21-Nov-2014 17:08:39 Setting valves: 11 to 1
21-Nov-2014 17:08:39 Setting valves: 13 to 1
21-Nov-2014 17:08:40 Setting valves: 12  18 to 0  0
21-Nov-2014 17:08:41 Setting valves: 24 to 0
21-Nov-2014 17:08:41 Setting valves: 31 to 0
21-Nov-2014 17:08:48 Setting valves: 24 to 1
21-Nov-2014 17:08:49 Setting valves: 20 to 0
21-Nov-2014 17:08:49 Setting valves: 23 to 0
21-Nov-2014 17:08:49 Setting valves: 19 to 0
21-Nov-2014 17:10:35 Setting valves: 20  22  23  26  19 to 1  1  1  1  1
21-Nov-2014 17:10:35 Setting valves: 12  18 to 1  1
21-Nov-2014 17:10:36 Setting valves: 16 to 0
21-Nov-2014 17:10:36 Setting valves: 13 to 0
21-Nov-2014 17:10:53 Setting valves: 11 to 0
% Making Code # 4 = [0.05  0.00  0.86  0.00]
21-Nov-2014 17:13:58 Setting valves: 11 to 1
21-Nov-2014 17:13:59 Setting valves: 11 to 1
21-Nov-2014 17:13:59 Setting valves: 13 to 1
21-Nov-2014 17:13:59 Setting valves: 12  18 to 0  0
21-Nov-2014 17:14:00 Setting valves: 24 to 0
21-Nov-2014 17:14:01 Setting valves: 31 to 0
21-Nov-2014 17:14:08 Setting valves: 24 to 1
21-Nov-2014 17:14:09 Setting valves: 20 to 0
21-Nov-2014 17:14:09 Setting valves: 22 to 0
21-Nov-2014 17:14:09 Setting valves: 23 to 0
21-Nov-2014 17:14:09 Setting valves: 19 to 0
21-Nov-2014 17:15:55 Setting valves: 20  22  23  26  19 to 1  1  1  1  1
21-Nov-2014 17:15:55 Setting valves: 12  18 to 1  1
21-Nov-2014 17:15:56 Setting valves: 16 to 0
21-Nov-2014 17:15:56 Setting valves: 13 to 0
21-Nov-2014 17:16:13 Setting valves: 11 to 0
% Making Code # 5 = [0.05  0.08  0.09  0.00]
21-Nov-2014 17:19:19 Setting valves: 11 to 1
21-Nov-2014 17:19:19 Setting valves: 11 to 1
21-Nov-2014 17:19:19 Setting valves: 13 to 1
21-Nov-2014 17:19:20 Setting valves: 12  18 to 0  0
21-Nov-2014 17:19:21 Setting valves: 24 to 0
21-Nov-2014 17:19:21 Setting valves: 31 to 0
21-Nov-2014 17:19:28 Setting valves: 24 to 1
21-Nov-2014 17:19:29 Setting valves: 20 to 0
21-Nov-2014 17:19:29 Setting valves: 22 to 0
21-Nov-2014 17:19:29 Setting valves: 23 to 0
21-Nov-2014 17:19:29 Setting valves: 19 to 0
21-Nov-2014 17:21:15 Setting valves: 20  22  23  26  19 to 1  1  1  1  1
21-Nov-2014 17:21:15 Setting valves: 12  18 to 1  1
21-Nov-2014 17:21:15 Setting valves: 16 to 0
21-Nov-2014 17:21:16 Setting valves: 13 to 0
21-Nov-2014 17:21:33 Setting valves: 11 to 0
% Making Code # 6 = [0.12  0.03  0.07  0.00]
21-Nov-2014 17:24:38 Setting valves: 11 to 1
21-Nov-2014 17:24:39 Setting valves: 11 to 1
21-Nov-2014 17:24:39 Setting valves: 13 to 1
21-Nov-2014 17:24:39 Setting valves: 12  18 to 0  0
21-Nov-2014 17:24:40 Setting valves: 24 to 0
21-Nov-2014 17:24:41 Setting valves: 31 to 0
21-Nov-2014 17:24:48 Setting valves: 24 to 1
21-Nov-2014 17:24:49 Setting valves: 20 to 0
21-Nov-2014 17:24:49 Setting valves: 22 to 0
21-Nov-2014 17:24:49 Setting valves: 23 to 0
21-Nov-2014 17:24:49 Setting valves: 26 to 0
21-Nov-2014 17:24:49 Setting valves: 19 to 0
21-Nov-2014 17:26:35 Setting valves: 20  22  23  26  19 to 1  1  1  1  1
21-Nov-2014 17:26:35 Setting valves: 12  18 to 1  1
21-Nov-2014 17:26:36 Setting valves: 16 to 0
21-Nov-2014 17:26:36 Setting valves: 13 to 0
21-Nov-2014 17:26:53 Setting valves: 11 to 0
% Making Code # 7 = [0.12  0.03  0.07  0.20]
21-Nov-2014 17:29:58 Setting valves: 11 to 1
21-Nov-2014 17:29:59 Setting valves: 11 to 1
21-Nov-2014 17:29:59 Setting valves: 13 to 1
21-Nov-2014 17:29:59 Setting valves: 12  18 to 0  0
21-Nov-2014 17:30:00 Setting valves: 24 to 0
21-Nov-2014 17:30:01 Setting valves: 31 to 0
21-Nov-2014 17:30:08 Setting valves: 24 to 1
21-Nov-2014 17:30:09 Setting valves: 20 to 0
21-Nov-2014 17:30:09 Setting valves: 22 to 0
21-Nov-2014 17:30:09 Setting valves: 26 to 0
21-Nov-2014 17:30:09 Setting valves: 19 to 0
21-Nov-2014 17:31:55 Setting valves: 20  22  23  26  19 to 1  1  1  1  1
21-Nov-2014 17:31:55 Setting valves: 12  18 to 1  1
21-Nov-2014 17:31:56 Setting valves: 16 to 0
21-Nov-2014 17:31:57 Setting valves: 13 to 0
21-Nov-2014 17:32:13 Setting valves: 11 to 0
% Making Code # 8 = [0.35  0.24  0.00  0.20]
21-Nov-2014 17:35:19 Setting valves: 11 to 1
21-Nov-2014 17:35:19 Setting valves: 11 to 1
21-Nov-2014 17:35:19 Setting valves: 13 to 1
21-Nov-2014 17:35:20 Setting valves: 12  18 to 0  0
21-Nov-2014 17:35:21 Setting valves: 24 to 0
21-Nov-2014 17:35:21 Setting valves: 31 to 0
21-Nov-2014 17:35:28 Setting valves: 24 to 1
21-Nov-2014 17:35:29 Setting valves: 20 to 0
21-Nov-2014 17:35:29 Setting valves: 23 to 0
21-Nov-2014 17:35:29 Setting valves: 19 to 0
21-Nov-2014 17:37:15 Setting valves: 20  22  23  26  19 to 1  1  1  1  1
21-Nov-2014 17:37:15 Setting valves: 12  18 to 1  1
21-Nov-2014 17:37:16 Setting valves: 16 to 0
21-Nov-2014 17:37:16 Setting valves: 13 to 0
21-Nov-2014 17:37:33 Setting valves: 11 to 0
% Making Code # 9 = [0.12  0.00  0.13  0.00]
21-Nov-2014 17:40:39 Setting valves: 11 to 1
21-Nov-2014 17:40:39 Setting valves: 11 to 1
21-Nov-2014 17:40:39 Setting valves: 13 to 1
21-Nov-2014 17:40:40 Setting valves: 12  18 to 0  0
21-Nov-2014 17:40:40 Setting valves: 24 to 0
21-Nov-2014 17:40:41 Setting valves: 31 to 0
21-Nov-2014 17:40:48 Setting valves: 24 to 1
21-Nov-2014 17:40:49 Setting valves: 20 to 0
21-Nov-2014 17:40:49 Setting valves: 23 to 0
21-Nov-2014 17:40:49 Setting valves: 26 to 0
21-Nov-2014 17:40:49 Setting valves: 19 to 0
21-Nov-2014 17:42:35 Setting valves: 20  22  23  26  19 to 1  1  1  1  1
21-Nov-2014 17:42:36 Setting valves: 12  18 to 1  1
21-Nov-2014 17:42:36 Setting valves: 16 to 0
21-Nov-2014 17:42:37 Setting valves: 13 to 0
21-Nov-2014 17:42:53 Setting valves: 11 to 0
% Making Code # 10 = [0.12  0.00  0.05  0.79]
21-Nov-2014 17:45:59 Setting valves: 11 to 1
21-Nov-2014 17:45:59 Setting valves: 11 to 1
21-Nov-2014 17:45:59 Setting valves: 13 to 1
21-Nov-2014 17:46:00 Setting valves: 12  18 to 0  0
21-Nov-2014 17:46:01 Setting valves: 24 to 0
21-Nov-2014 17:46:01 Setting valves: 31 to 0
21-Nov-2014 17:46:08 Setting valves: 24 to 1
21-Nov-2014 17:46:09 Setting valves: 20 to 0
21-Nov-2014 17:46:09 Setting valves: 22 to 0
21-Nov-2014 17:46:09 Setting valves: 23 to 0
21-Nov-2014 17:46:09 Setting valves: 26 to 0
21-Nov-2014 17:46:09 Setting valves: 19 to 0
21-Nov-2014 17:47:55 Setting valves: 20  22  23  26  19 to 1  1  1  1  1
21-Nov-2014 17:47:55 Setting valves: 12  18 to 1  1
21-Nov-2014 17:47:56 Setting valves: 16 to 0
21-Nov-2014 17:47:56 Setting valves: 13 to 0
21-Nov-2014 17:48:13 Setting valves: 11 to 0
% Making Code # 11 = [0.22  0.03  0.36  0.20]
21-Nov-2014 17:51:18 Setting valves: 11 to 1
21-Nov-2014 17:51:19 Setting valves: 11 to 1
21-Nov-2014 17:51:19 Setting valves: 13 to 1
21-Nov-2014 17:51:19 Setting valves: 12  18 to 0  0
21-Nov-2014 17:51:20 Setting valves: 24 to 0
21-Nov-2014 17:51:21 Setting valves: 31 to 0
21-Nov-2014 17:51:28 Setting valves: 24 to 1
21-Nov-2014 17:51:29 Setting valves: 22 to 0
21-Nov-2014 17:51:29 Setting valves: 23 to 0
21-Nov-2014 17:51:29 Setting valves: 19 to 0
21-Nov-2014 17:53:15 Setting valves: 20  22  23  26  19 to 1  1  1  1  1
21-Nov-2014 17:53:15 Setting valves: 12  18 to 1  1
21-Nov-2014 17:53:15 Setting valves: 16 to 0
21-Nov-2014 17:53:16 Setting valves: 13 to 0
21-Nov-2014 17:53:33 Setting valves: 11 to 0
% Making Code # 12 = [0.00  0.08  0.25  0.00]
21-Nov-2014 17:56:39 Setting valves: 11 to 1
21-Nov-2014 17:56:39 Setting valves: 11 to 1
21-Nov-2014 17:56:39 Setting valves: 13 to 1
21-Nov-2014 17:56:40 Setting valves: 12  18 to 0  0
21-Nov-2014 17:56:40 Setting valves: 24 to 0
21-Nov-2014 17:56:41 Setting valves: 31 to 0
21-Nov-2014 17:56:48 Setting valves: 24 to 1
21-Nov-2014 17:56:49 Setting valves: 20 to 0
21-Nov-2014 17:56:49 Setting valves: 22 to 0
21-Nov-2014 17:56:49 Setting valves: 23 to 0
21-Nov-2014 17:56:49 Setting valves: 26 to 0
21-Nov-2014 17:56:49 Setting valves: 19 to 0
21-Nov-2014 17:58:35 Setting valves: 20  22  23  26  19 to 1  1  1  1  1
21-Nov-2014 17:58:35 Setting valves: 12  18 to 1  1
21-Nov-2014 17:58:36 Setting valves: 16 to 0
21-Nov-2014 17:58:37 Setting valves: 13 to 0
21-Nov-2014 17:58:53 Setting valves: 11 to 0
% Making Code # 13 = [0.35  0.03  0.07  0.20]
21-Nov-2014 18:01:59 Setting valves: 11 to 1
21-Nov-2014 18:01:59 Setting valves: 11 to 1
21-Nov-2014 18:01:59 Setting valves: 13 to 1
21-Nov-2014 18:02:00 Setting valves: 12  18 to 0  0
21-Nov-2014 18:02:00 Setting valves: 24 to 0
21-Nov-2014 18:02:01 Setting valves: 31 to 0
21-Nov-2014 18:02:08 Setting valves: 24 to 1
21-Nov-2014 18:02:09 Setting valves: 20 to 0
21-Nov-2014 18:02:09 Setting valves: 23 to 0
21-Nov-2014 18:02:09 Setting valves: 19 to 0
21-Nov-2014 18:03:55 Setting valves: 20  22  23  26  19 to 1  1  1  1  1
21-Nov-2014 18:03:55 Setting valves: 12  18 to 1  1
21-Nov-2014 18:03:56 Setting valves: 16 to 0
21-Nov-2014 18:03:56 Setting valves: 13 to 0
21-Nov-2014 18:04:13 Setting valves: 11 to 0
% Making Code # 14 = [0.12  0.00  0.26  0.00]
21-Nov-2014 18:07:18 Setting valves: 11 to 1
21-Nov-2014 18:07:19 Setting valves: 11 to 1
21-Nov-2014 18:07:19 Setting valves: 13 to 1
21-Nov-2014 18:07:19 Setting valves: 12  18 to 0  0
21-Nov-2014 18:07:20 Setting valves: 24 to 0
21-Nov-2014 18:07:21 Setting valves: 31 to 0
21-Nov-2014 18:07:28 Setting valves: 24 to 1
21-Nov-2014 18:07:29 Setting valves: 20 to 0
21-Nov-2014 18:07:29 Setting valves: 22 to 0
21-Nov-2014 18:07:29 Setting valves: 19 to 0
21-Nov-2014 18:09:15 Setting valves: 20  22  23  26  19 to 1  1  1  1  1
21-Nov-2014 18:09:15 Setting valves: 12  18 to 1  1
21-Nov-2014 18:09:15 Setting valves: 16 to 0
21-Nov-2014 18:09:16 Setting valves: 13 to 0
21-Nov-2014 18:09:32 Setting valves: 11 to 0
% Making Code # 15 = [0.12  0.36  0.00  0.00]
21-Nov-2014 18:12:35 Setting valves: 11 to 1
21-Nov-2014 18:12:36 Setting valves: 11 to 1
21-Nov-2014 18:12:37 Setting valves: 13 to 1
21-Nov-2014 18:12:37 Setting valves: 12  18 to 0  0
21-Nov-2014 18:12:38 Setting valves: 24 to 0
21-Nov-2014 18:12:38 Setting valves: 31 to 0
21-Nov-2014 18:12:45 Setting valves: 24 to 1
21-Nov-2014 18:12:45 Setting valves: 20 to 0
21-Nov-2014 18:12:45 Setting valves: 22 to 0
21-Nov-2014 18:12:45 Setting valves: 23 to 0
21-Nov-2014 18:12:46 Setting valves: 19 to 0
21-Nov-2014 18:14:31 Setting valves: 20  22  23  26  19 to 1  1  1  1  1
21-Nov-2014 18:14:32 Setting valves: 12  18 to 1  1
21-Nov-2014 18:14:33 Setting valves: 16 to 0
21-Nov-2014 18:14:33 Setting valves: 13 to 0
21-Nov-2014 18:14:49 Setting valves: 11 to 0
% Making Code # 16 = [0.53  0.08  0.09  0.00]
21-Nov-2014 18:17:55 Setting valves: 11 to 1
21-Nov-2014 18:17:55 Setting valves: 11 to 1
21-Nov-2014 18:17:55 Setting valves: 13 to 1
21-Nov-2014 18:17:56 Setting valves: 12  18 to 0  0
21-Nov-2014 18:17:56 Setting valves: 24 to 0
21-Nov-2014 18:17:57 Setting valves: 31 to 0
21-Nov-2014 18:18:04 Setting valves: 24 to 1
21-Nov-2014 18:18:05 Setting valves: 20 to 0
21-Nov-2014 18:18:05 Setting valves: 23 to 0
21-Nov-2014 18:18:05 Setting valves: 19 to 0
21-Nov-2014 18:19:51 Setting valves: 20  22  23  26  19 to 1  1  1  1  1
21-Nov-2014 18:19:51 Setting valves: 12  18 to 1  1
21-Nov-2014 18:19:51 Setting valves: 16 to 0
21-Nov-2014 18:19:52 Setting valves: 13 to 0
21-Nov-2014 18:20:09 Setting valves: 11 to 0
% Making Code # 17 = [0.78  0.00  0.13  0.00]
21-Nov-2014 18:23:14 Setting valves: 11 to 1
21-Nov-2014 18:23:15 Setting valves: 11 to 1
21-Nov-2014 18:23:15 Setting valves: 13 to 1
21-Nov-2014 18:23:15 Setting valves: 12  18 to 0  0
21-Nov-2014 18:23:16 Setting valves: 24 to 0
21-Nov-2014 18:23:17 Setting valves: 31 to 0
21-Nov-2014 18:23:24 Setting valves: 24 to 1
21-Nov-2014 18:23:25 Setting valves: 22 to 0
21-Nov-2014 18:23:25 Setting valves: 26 to 0
21-Nov-2014 18:23:25 Setting valves: 19 to 0
21-Nov-2014 18:25:11 Setting valves: 20  22  23  26  19 to 1  1  1  1  1
21-Nov-2014 18:25:11 Setting valves: 12  18 to 1  1
21-Nov-2014 18:25:12 Setting valves: 16 to 0
21-Nov-2014 18:25:12 Setting valves: 13 to 0
21-Nov-2014 18:25:29 Setting valves: 11 to 0
% Making Code # 18 = [0.00  0.15  0.00  0.20]
21-Nov-2014 18:28:35 Setting valves: 11 to 1
21-Nov-2014 18:28:35 Setting valves: 11 to 1
21-Nov-2014 18:28:35 Setting valves: 13 to 1
21-Nov-2014 18:28:36 Setting valves: 12  18 to 0  0
21-Nov-2014 18:28:36 Setting valves: 24 to 0
21-Nov-2014 18:28:37 Setting valves: 31 to 0
21-Nov-2014 18:28:44 Setting valves: 24 to 1
21-Nov-2014 18:28:45 Setting valves: 20 to 0
21-Nov-2014 18:28:45 Setting valves: 23 to 0
21-Nov-2014 18:28:45 Setting valves: 19 to 0
21-Nov-2014 18:30:31 Setting valves: 20  22  23  26  19 to 1  1  1  1  1
21-Nov-2014 18:30:31 Setting valves: 12  18 to 1  1
21-Nov-2014 18:30:32 Setting valves: 16 to 0
21-Nov-2014 18:30:32 Setting valves: 13 to 0
21-Nov-2014 18:30:49 Setting valves: 11 to 0
% Making Code # 19 = [0.53  0.00  0.13  0.00]
21-Nov-2014 18:33:54 Setting valves: 11 to 1
21-Nov-2014 18:33:55 Setting valves: 11 to 1
21-Nov-2014 18:33:55 Setting valves: 13 to 1
21-Nov-2014 18:33:55 Setting valves: 12  18 to 0  0
21-Nov-2014 18:33:56 Setting valves: 24 to 0
21-Nov-2014 18:33:57 Setting valves: 31 to 0
21-Nov-2014 18:34:04 Setting valves: 24 to 1
21-Nov-2014 18:34:05 Setting valves: 20 to 0
21-Nov-2014 18:34:05 Setting valves: 22 to 0
21-Nov-2014 18:34:05 Setting valves: 26 to 0
21-Nov-2014 18:34:05 Setting valves: 19 to 0
21-Nov-2014 18:35:51 Setting valves: 20  22  23  26  19 to 1  1  1  1  1
21-Nov-2014 18:35:51 Setting valves: 12  18 to 1  1
21-Nov-2014 18:35:52 Setting valves: 16 to 0
21-Nov-2014 18:35:52 Setting valves: 13 to 0
21-Nov-2014 18:36:09 Setting valves: 11 to 0
% Making Code # 20 = [0.22  0.15  0.00  0.20]
21-Nov-2014 18:39:14 Setting valves: 11 to 1
21-Nov-2014 18:39:15 Setting valves: 11 to 1
21-Nov-2014 18:39:15 Setting valves: 13 to 1
21-Nov-2014 18:39:15 Setting valves: 12  18 to 0  0
21-Nov-2014 18:39:16 Setting valves: 24 to 0
21-Nov-2014 18:39:17 Setting valves: 31 to 0
21-Nov-2014 18:39:24 Setting valves: 24 to 1
21-Nov-2014 18:39:25 Setting valves: 20 to 0
21-Nov-2014 18:39:25 Setting valves: 22 to 0
21-Nov-2014 18:39:25 Setting valves: 23 to 0
21-Nov-2014 18:39:25 Setting valves: 19 to 0
21-Nov-2014 18:41:11 Setting valves: 20  22  23  26  19 to 1  1  1  1  1
21-Nov-2014 18:41:11 Setting valves: 12  18 to 1  1
21-Nov-2014 18:41:12 Setting valves: 16 to 0
21-Nov-2014 18:41:12 Setting valves: 13 to 0
21-Nov-2014 18:41:29 Setting valves: 11 to 0
% Making Code # 21 = [0.05  0.24  0.18  0.00]
21-Nov-2014 18:44:35 Setting valves: 11 to 1
21-Nov-2014 18:44:35 Setting valves: 11 to 1
21-Nov-2014 18:44:35 Setting valves: 13 to 1
21-Nov-2014 18:44:36 Setting valves: 12  18 to 0  0
21-Nov-2014 18:44:37 Setting valves: 24 to 0
21-Nov-2014 18:44:37 Setting valves: 31 to 0
21-Nov-2014 18:44:44 Setting valves: 24 to 1
21-Nov-2014 18:44:45 Setting valves: 20 to 0
21-Nov-2014 18:44:45 Setting valves: 26 to 0
21-Nov-2014 18:44:45 Setting valves: 19 to 0
21-Nov-2014 18:46:31 Setting valves: 20  22  23  26  19 to 1  1  1  1  1
21-Nov-2014 18:46:31 Setting valves: 12  18 to 1  1
21-Nov-2014 18:46:31 Setting valves: 16 to 0
21-Nov-2014 18:46:32 Setting valves: 13 to 0
21-Nov-2014 18:46:48 Setting valves: 11 to 0
% Making Code # 22 = [0.35  0.00  0.00  0.20]
21-Nov-2014 18:49:52 Setting valves: 11 to 1
21-Nov-2014 18:49:52 Setting valves: 11 to 1
21-Nov-2014 18:49:53 Setting valves: 13 to 1
21-Nov-2014 18:49:53 Setting valves: 12  18 to 0  0
21-Nov-2014 18:49:54 Setting valves: 24 to 0
21-Nov-2014 18:49:54 Setting valves: 31 to 0
21-Nov-2014 18:50:01 Setting valves: 24 to 1
21-Nov-2014 18:50:01 Setting valves: 23 to 0
21-Nov-2014 18:50:02 Setting valves: 19 to 0
21-Nov-2014 18:51:47 Setting valves: 20  22  23  26  19 to 1  1  1  1  1
21-Nov-2014 18:51:48 Setting valves: 12  18 to 1  1
21-Nov-2014 18:51:48 Setting valves: 16 to 0
21-Nov-2014 18:51:49 Setting valves: 13 to 0
21-Nov-2014 18:52:05 Setting valves: 11 to 0
% Making Code # 23 = [0.00  0.00  0.05  0.00]
21-Nov-2014 18:55:10 Setting valves: 11 to 1
21-Nov-2014 18:55:11 Setting valves: 11 to 1
21-Nov-2014 18:55:11 Setting valves: 13 to 1
21-Nov-2014 18:55:11 Setting valves: 12  18 to 0  0
21-Nov-2014 18:55:12 Setting valves: 24 to 0
21-Nov-2014 18:55:13 Setting valves: 31 to 0
21-Nov-2014 18:55:20 Setting valves: 24 to 1
21-Nov-2014 18:55:21 Setting valves: 22 to 0
21-Nov-2014 18:55:21 Setting valves: 23 to 0
21-Nov-2014 18:55:21 Setting valves: 26 to 0
21-Nov-2014 18:55:21 Setting valves: 19 to 0
21-Nov-2014 18:57:07 Setting valves: 20  22  23  26  19 to 1  1  1  1  1
21-Nov-2014 18:57:07 Setting valves: 12  18 to 1  1
21-Nov-2014 18:57:08 Setting valves: 16 to 0
21-Nov-2014 18:57:09 Setting valves: 13 to 0
21-Nov-2014 18:57:25 Setting valves: 11 to 0
% Making Code # 24 = [0.00  0.03  0.07  0.20]
21-Nov-2014 19:00:31 Setting valves: 11 to 1
21-Nov-2014 19:00:31 Setting valves: 11 to 1
21-Nov-2014 19:00:31 Setting valves: 13 to 1
21-Nov-2014 19:00:32 Setting valves: 12  18 to 0  0
21-Nov-2014 19:00:33 Setting valves: 24 to 0
21-Nov-2014 19:00:33 Setting valves: 31 to 0
21-Nov-2014 19:00:40 Setting valves: 24 to 1
21-Nov-2014 19:00:41 Setting valves: 22 to 0
21-Nov-2014 19:00:41 Setting valves: 23 to 0
21-Nov-2014 19:00:41 Setting valves: 26 to 0
21-Nov-2014 19:00:41 Setting valves: 19 to 0
21-Nov-2014 19:02:27 Setting valves: 20  22  23  26  19 to 1  1  1  1  1
21-Nov-2014 19:02:27 Setting valves: 12  18 to 1  1
21-Nov-2014 19:02:28 Setting valves: 16 to 0
21-Nov-2014 19:02:29 Setting valves: 13 to 0
21-Nov-2014 19:02:45 Setting valves: 11 to 0
% Making Code # 25 = [0.00  0.03  0.18  0.20]
21-Nov-2014 19:05:50 Setting valves: 11 to 1
21-Nov-2014 19:05:51 Setting valves: 11 to 1
21-Nov-2014 19:05:51 Setting valves: 13 to 1
21-Nov-2014 19:05:51 Setting valves: 12  18 to 0  0
21-Nov-2014 19:05:52 Setting valves: 24 to 0
21-Nov-2014 19:05:53 Setting valves: 31 to 0
21-Nov-2014 19:06:00 Setting valves: 24 to 1
21-Nov-2014 19:06:01 Setting valves: 20 to 0
21-Nov-2014 19:06:01 Setting valves: 22 to 0
21-Nov-2014 19:06:01 Setting valves: 26 to 0
21-Nov-2014 19:06:01 Setting valves: 19 to 0
21-Nov-2014 19:07:47 Setting valves: 20  22  23  26  19 to 1  1  1  1  1
21-Nov-2014 19:07:47 Setting valves: 12  18 to 1  1
21-Nov-2014 19:07:48 Setting valves: 16 to 0
21-Nov-2014 19:07:49 Setting valves: 13 to 0
21-Nov-2014 19:08:05 Setting valves: 11 to 0
% Making Code # 26 = [0.05  0.36  0.00  0.20]
21-Nov-2014 19:11:11 Setting valves: 11 to 1
21-Nov-2014 19:11:11 Setting valves: 11 to 1
21-Nov-2014 19:11:11 Setting valves: 13 to 1
21-Nov-2014 19:11:12 Setting valves: 12  18 to 0  0
21-Nov-2014 19:11:12 Setting valves: 24 to 0
21-Nov-2014 19:11:13 Setting valves: 31 to 0
21-Nov-2014 19:11:20 Setting valves: 24 to 1
21-Nov-2014 19:11:21 Setting valves: 23 to 0
21-Nov-2014 19:11:21 Setting valves: 19 to 0
21-Nov-2014 19:13:07 Setting valves: 20  22  23  26  19 to 1  1  1  1  1
21-Nov-2014 19:13:07 Setting valves: 12  18 to 1  1
21-Nov-2014 19:13:08 Setting valves: 16 to 0
21-Nov-2014 19:13:08 Setting valves: 13 to 0
21-Nov-2014 19:13:25 Setting valves: 11 to 0
% Making Code # 27 = [0.00  0.00  0.49  0.00]
21-Nov-2014 19:16:30 Setting valves: 11 to 1
21-Nov-2014 19:16:31 Setting valves: 11 to 1
21-Nov-2014 19:16:31 Setting valves: 13 to 1
21-Nov-2014 19:16:31 Setting valves: 12  18 to 0  0
21-Nov-2014 19:16:32 Setting valves: 24 to 0
21-Nov-2014 19:16:33 Setting valves: 31 to 0
21-Nov-2014 19:16:40 Setting valves: 24 to 1
21-Nov-2014 19:16:41 Setting valves: 20 to 0
21-Nov-2014 19:16:41 Setting valves: 22 to 0
21-Nov-2014 19:16:41 Setting valves: 26 to 0
21-Nov-2014 19:16:41 Setting valves: 19 to 0
21-Nov-2014 19:18:27 Setting valves: 20  22  23  26  19 to 1  1  1  1  1
21-Nov-2014 19:18:27 Setting valves: 12  18 to 1  1
21-Nov-2014 19:18:28 Setting valves: 16 to 0
21-Nov-2014 19:18:28 Setting valves: 13 to 0
21-Nov-2014 19:18:45 Setting valves: 11 to 0
% Making Code # 28 = [0.05  0.08  0.00  0.79]
21-Nov-2014 19:21:50 Setting valves: 11 to 1
21-Nov-2014 19:21:51 Setting valves: 11 to 1
21-Nov-2014 19:21:51 Setting valves: 13 to 1
21-Nov-2014 19:21:51 Setting valves: 12  18 to 0  0
21-Nov-2014 19:21:52 Setting valves: 24 to 0
21-Nov-2014 19:21:53 Setting valves: 31 to 0
21-Nov-2014 19:22:00 Setting valves: 24 to 1
21-Nov-2014 19:22:01 Setting valves: 20 to 0
21-Nov-2014 19:22:01 Setting valves: 22 to 0
21-Nov-2014 19:22:01 Setting valves: 26 to 0
21-Nov-2014 19:22:01 Setting valves: 19 to 0
21-Nov-2014 19:23:47 Setting valves: 20  22  23  26  19 to 1  1  1  1  1
21-Nov-2014 19:23:47 Setting valves: 12  18 to 1  1
21-Nov-2014 19:23:47 Setting valves: 16 to 0
21-Nov-2014 19:23:48 Setting valves: 13 to 0
21-Nov-2014 19:24:03 Setting valves: 11 to 0
% Making Code # 29 = [0.53  0.24  0.00  0.20]
21-Nov-2014 19:27:07 Setting valves: 11 to 1
21-Nov-2014 19:27:08 Setting valves: 11 to 1
21-Nov-2014 19:27:09 Setting valves: 13 to 1
21-Nov-2014 19:27:09 Setting valves: 12  18 to 0  0
21-Nov-2014 19:27:10 Setting valves: 24 to 0
21-Nov-2014 19:27:10 Setting valves: 31 to 0
21-Nov-2014 19:27:17 Setting valves: 24 to 1
21-Nov-2014 19:27:17 Setting valves: 22 to 0
21-Nov-2014 19:27:18 Setting valves: 26 to 0
21-Nov-2014 19:27:18 Setting valves: 19 to 0
21-Nov-2014 19:29:03 Setting valves: 20  22  23  26  19 to 1  1  1  1  1
21-Nov-2014 19:29:04 Setting valves: 12  18 to 1  1
21-Nov-2014 19:29:04 Setting valves: 16 to 0
21-Nov-2014 19:29:05 Setting valves: 13 to 0
21-Nov-2014 19:29:21 Setting valves: 11 to 0
% Making Code # 30 = [0.00  0.08  0.00  0.20]
21-Nov-2014 19:32:27 Setting valves: 11 to 1
21-Nov-2014 19:32:27 Setting valves: 11 to 1
21-Nov-2014 19:32:27 Setting valves: 13 to 1
21-Nov-2014 19:32:28 Setting valves: 12  18 to 0  0
21-Nov-2014 19:32:28 Setting valves: 24 to 0
21-Nov-2014 19:32:29 Setting valves: 31 to 0
21-Nov-2014 19:32:36 Setting valves: 24 to 1
21-Nov-2014 19:32:37 Setting valves: 20 to 0
21-Nov-2014 19:32:37 Setting valves: 23 to 0
21-Nov-2014 19:32:37 Setting valves: 26 to 0
21-Nov-2014 19:32:37 Setting valves: 19 to 0
21-Nov-2014 19:34:23 Setting valves: 20  22  23  26  19 to 1  1  1  1  1
21-Nov-2014 19:34:23 Setting valves: 12  18 to 1  1
21-Nov-2014 19:34:24 Setting valves: 16 to 0
21-Nov-2014 19:34:24 Setting valves: 13 to 0
21-Nov-2014 19:34:41 Setting valves: 11 to 0
% Making Code # 31 = [0.22  0.00  0.13  0.20]
21-Nov-2014 19:37:46 Setting valves: 11 to 1
21-Nov-2014 19:37:47 Setting valves: 11 to 1
21-Nov-2014 19:37:47 Setting valves: 13 to 1
21-Nov-2014 19:37:47 Setting valves: 12  18 to 0  0
21-Nov-2014 19:37:48 Setting valves: 24 to 0
21-Nov-2014 19:37:49 Setting valves: 31 to 0
21-Nov-2014 19:37:56 Setting valves: 24 to 1
21-Nov-2014 19:37:57 Setting valves: 20 to 0
21-Nov-2014 19:37:57 Setting valves: 22 to 0
21-Nov-2014 19:37:57 Setting valves: 19 to 0
21-Nov-2014 19:39:43 Setting valves: 20  22  23  26  19 to 1  1  1  1  1
21-Nov-2014 19:39:43 Setting valves: 12  18 to 1  1
21-Nov-2014 19:39:44 Setting valves: 16 to 0
21-Nov-2014 19:39:44 Setting valves: 13 to 0
21-Nov-2014 19:40:01 Setting valves: 11 to 0
% Making Code # 32 = [0.22  0.36  0.00  0.00]
21-Nov-2014 19:43:06 Setting valves: 11 to 1
21-Nov-2014 19:43:07 Setting valves: 11 to 1
21-Nov-2014 19:43:07 Setting valves: 13 to 1
21-Nov-2014 19:43:07 Setting valves: 12  18 to 0  0
21-Nov-2014 19:43:08 Setting valves: 24 to 0
21-Nov-2014 19:43:09 Setting valves: 31 to 0
21-Nov-2014 19:43:16 Setting valves: 24 to 1
21-Nov-2014 19:43:17 Setting valves: 20 to 0
21-Nov-2014 19:43:17 Setting valves: 23 to 0
21-Nov-2014 19:43:17 Setting valves: 26 to 0
21-Nov-2014 19:43:17 Setting valves: 19 to 0
21-Nov-2014 19:45:03 Setting valves: 20  22  23  26  19 to 1  1  1  1  1
21-Nov-2014 19:45:03 Setting valves: 12  18 to 1  1
21-Nov-2014 19:45:04 Setting valves: 16 to 0
21-Nov-2014 19:45:04 Setting valves: 13 to 0
21-Nov-2014 19:45:21 Setting valves: 11 to 0
% Making Code # 33 = [0.35  0.00  0.26  0.20]
21-Nov-2014 19:48:26 Setting valves: 11 to 1
21-Nov-2014 19:48:27 Setting valves: 11 to 1
21-Nov-2014 19:48:27 Setting valves: 13 to 1
21-Nov-2014 19:48:27 Setting valves: 12  18 to 0  0
21-Nov-2014 19:48:28 Setting valves: 24 to 0
21-Nov-2014 19:48:29 Setting valves: 31 to 0
21-Nov-2014 19:48:36 Setting valves: 24 to 1
21-Nov-2014 19:48:37 Setting valves: 22 to 0
21-Nov-2014 19:48:37 Setting valves: 26 to 0
21-Nov-2014 19:48:37 Setting valves: 19 to 0
21-Nov-2014 19:50:23 Setting valves: 20  22  23  26  19 to 1  1  1  1  1
21-Nov-2014 19:50:23 Setting valves: 12  18 to 1  1
21-Nov-2014 19:50:24 Setting valves: 16 to 0
21-Nov-2014 19:50:24 Setting valves: 13 to 0
21-Nov-2014 19:50:41 Setting valves: 11 to 0
% Making Code # 34 = [0.00  0.03  0.00  0.79]
21-Nov-2014 19:53:47 Setting valves: 11 to 1
21-Nov-2014 19:53:47 Setting valves: 11 to 1
21-Nov-2014 19:53:47 Setting valves: 13 to 1
21-Nov-2014 19:53:48 Setting valves: 12  18 to 0  0
21-Nov-2014 19:53:49 Setting valves: 24 to 0
21-Nov-2014 19:53:49 Setting valves: 31 to 0
21-Nov-2014 19:53:56 Setting valves: 24 to 1
21-Nov-2014 19:53:57 Setting valves: 20 to 0
21-Nov-2014 19:53:57 Setting valves: 23 to 0
21-Nov-2014 19:53:57 Setting valves: 26 to 0
21-Nov-2014 19:53:57 Setting valves: 19 to 0
21-Nov-2014 19:55:43 Setting valves: 20  22  23  26  19 to 1  1  1  1  1
21-Nov-2014 19:55:44 Setting valves: 12  18 to 1  1
21-Nov-2014 19:55:44 Setting valves: 16 to 0
21-Nov-2014 19:55:45 Setting valves: 13 to 0
21-Nov-2014 19:56:01 Setting valves: 11 to 0
% Making Code # 35 = [0.22  0.00  0.49  0.20]
21-Nov-2014 19:59:06 Setting valves: 11 to 1
21-Nov-2014 19:59:07 Setting valves: 11 to 1
21-Nov-2014 19:59:07 Setting valves: 13 to 1
21-Nov-2014 19:59:07 Setting valves: 12  18 to 0  0
21-Nov-2014 19:59:08 Setting valves: 24 to 0
21-Nov-2014 19:59:09 Setting valves: 31 to 0
21-Nov-2014 19:59:16 Setting valves: 24 to 1
21-Nov-2014 19:59:17 Setting valves: 22 to 0
21-Nov-2014 19:59:17 Setting valves: 26 to 0
21-Nov-2014 19:59:17 Setting valves: 19 to 0
21-Nov-2014 20:01:03 Setting valves: 20  22  23  26  19 to 1  1  1  1  1
21-Nov-2014 20:01:03 Setting valves: 12  18 to 1  1
21-Nov-2014 20:01:04 Setting valves: 16 to 0
21-Nov-2014 20:01:04 Setting valves: 13 to 0
21-Nov-2014 20:01:21 Setting valves: 11 to 0
% Making Code # 36 = [0.00  0.53  0.00  0.20]
21-Nov-2014 20:04:26 Setting valves: 11 to 1
21-Nov-2014 20:04:27 Setting valves: 11 to 1
21-Nov-2014 20:04:27 Setting valves: 13 to 1
21-Nov-2014 20:04:27 Setting valves: 12  18 to 0  0
21-Nov-2014 20:04:28 Setting valves: 24 to 0
21-Nov-2014 20:04:29 Setting valves: 31 to 0
21-Nov-2014 20:04:36 Setting valves: 24 to 1
21-Nov-2014 20:04:37 Setting valves: 20 to 0
21-Nov-2014 20:04:37 Setting valves: 23 to 0
21-Nov-2014 20:04:37 Setting valves: 19 to 0
21-Nov-2014 20:06:23 Setting valves: 20  22  23  26  19 to 1  1  1  1  1
21-Nov-2014 20:06:23 Setting valves: 12  18 to 1  1
21-Nov-2014 20:06:24 Setting valves: 16 to 0
21-Nov-2014 20:06:25 Setting valves: 13 to 0
21-Nov-2014 20:06:41 Setting valves: 11 to 0
% Making Code # 37 = [0.12  0.00  0.05  0.00]
21-Nov-2014 20:09:47 Setting valves: 11 to 1
21-Nov-2014 20:09:47 Setting valves: 11 to 1
21-Nov-2014 20:09:47 Setting valves: 13 to 1
21-Nov-2014 20:09:48 Setting valves: 12  18 to 0  0
21-Nov-2014 20:09:48 Setting valves: 24 to 0
21-Nov-2014 20:09:49 Setting valves: 31 to 0
21-Nov-2014 20:09:56 Setting valves: 24 to 1
21-Nov-2014 20:09:57 Setting valves: 20 to 0
21-Nov-2014 20:09:57 Setting valves: 22 to 0
21-Nov-2014 20:09:57 Setting valves: 23 to 0
21-Nov-2014 20:09:57 Setting valves: 19 to 0
21-Nov-2014 20:11:43 Setting valves: 20  22  23  26  19 to 1  1  1  1  1
21-Nov-2014 20:11:43 Setting valves: 12  18 to 1  1
21-Nov-2014 20:11:44 Setting valves: 16 to 0
21-Nov-2014 20:11:45 Setting valves: 13 to 0
21-Nov-2014 20:12:01 Setting valves: 11 to 0
% Making Code # 38 = [0.22  0.03  0.07  0.00]
21-Nov-2014 20:15:07 Setting valves: 11 to 1
21-Nov-2014 20:15:07 Setting valves: 11 to 1
21-Nov-2014 20:15:07 Setting valves: 13 to 1
21-Nov-2014 20:15:08 Setting valves: 12  18 to 0  0
21-Nov-2014 20:15:08 Setting valves: 24 to 0
21-Nov-2014 20:15:09 Setting valves: 31 to 0
21-Nov-2014 20:15:16 Setting valves: 24 to 1
21-Nov-2014 20:15:17 Setting valves: 20 to 0
21-Nov-2014 20:15:17 Setting valves: 22 to 0
21-Nov-2014 20:15:17 Setting valves: 19 to 0
21-Nov-2014 20:17:03 Setting valves: 20  22  23  26  19 to 1  1  1  1  1
21-Nov-2014 20:17:03 Setting valves: 12  18 to 1  1
21-Nov-2014 20:17:03 Setting valves: 16 to 0
21-Nov-2014 20:17:04 Setting valves: 13 to 0
21-Nov-2014 20:17:21 Setting valves: 11 to 0
% Making Code # 39 = [0.12  0.53  0.00  0.00]
21-Nov-2014 20:20:27 Setting valves: 11 to 1
21-Nov-2014 20:20:27 Setting valves: 11 to 1
21-Nov-2014 20:20:27 Setting valves: 13 to 1
21-Nov-2014 20:20:28 Setting valves: 12  18 to 0  0
21-Nov-2014 20:20:28 Setting valves: 24 to 0
21-Nov-2014 20:20:29 Setting valves: 31 to 0
21-Nov-2014 20:20:36 Setting valves: 24 to 1
21-Nov-2014 20:20:37 Setting valves: 20 to 0
21-Nov-2014 20:20:37 Setting valves: 22 to 0
21-Nov-2014 20:20:37 Setting valves: 26 to 0
21-Nov-2014 20:20:37 Setting valves: 19 to 0
21-Nov-2014 20:22:23 Setting valves: 20  22  23  26  19 to 1  1  1  1  1
21-Nov-2014 20:22:24 Setting valves: 12  18 to 1  1
21-Nov-2014 20:22:24 Setting valves: 16 to 0
21-Nov-2014 20:22:25 Setting valves: 13 to 0
21-Nov-2014 20:22:41 Setting valves: 11 to 0
% Making Code # 40 = [0.12  0.03  0.00  0.79]
21-Nov-2014 20:25:46 Setting valves: 11 to 1
21-Nov-2014 20:25:47 Setting valves: 11 to 1
21-Nov-2014 20:25:47 Setting valves: 13 to 1
21-Nov-2014 20:25:47 Setting valves: 12  18 to 0  0
21-Nov-2014 20:25:48 Setting valves: 24 to 0
21-Nov-2014 20:25:49 Setting valves: 31 to 0
21-Nov-2014 20:25:56 Setting valves: 24 to 1
21-Nov-2014 20:25:57 Setting valves: 20 to 0
21-Nov-2014 20:25:57 Setting valves: 23 to 0
21-Nov-2014 20:25:57 Setting valves: 26 to 0
21-Nov-2014 20:25:57 Setting valves: 19 to 0
21-Nov-2014 20:27:43 Setting valves: 20  22  23  26  19 to 1  1  1  1  1
21-Nov-2014 20:27:43 Setting valves: 12  18 to 1  1
21-Nov-2014 20:27:44 Setting valves: 16 to 0
21-Nov-2014 20:27:45 Setting valves: 13 to 0
21-Nov-2014 20:28:01 Setting valves: 11 to 0
% Making Code # 41 = [0.12  0.00  0.05  0.20]
21-Nov-2014 20:31:06 Setting valves: 11 to 1
21-Nov-2014 20:31:07 Setting valves: 11 to 1
21-Nov-2014 20:31:07 Setting valves: 13 to 1
21-Nov-2014 20:31:07 Setting valves: 12  18 to 0  0
21-Nov-2014 20:31:08 Setting valves: 24 to 0
21-Nov-2014 20:31:09 Setting valves: 31 to 0
21-Nov-2014 20:31:16 Setting valves: 24 to 1
21-Nov-2014 20:31:17 Setting valves: 20 to 0
21-Nov-2014 20:31:17 Setting valves: 22 to 0
21-Nov-2014 20:31:17 Setting valves: 26 to 0
21-Nov-2014 20:31:17 Setting valves: 19 to 0
21-Nov-2014 20:33:03 Setting valves: 20  22  23  26  19 to 1  1  1  1  1
21-Nov-2014 20:33:03 Setting valves: 12  18 to 1  1
21-Nov-2014 20:33:04 Setting valves: 16 to 0
21-Nov-2014 20:33:04 Setting valves: 13 to 0
21-Nov-2014 20:33:21 Setting valves: 11 to 0
% Making Code # 42 = [0.35  0.03  0.00  0.20]
21-Nov-2014 20:36:27 Setting valves: 11 to 1
21-Nov-2014 20:36:27 Setting valves: 11 to 1
21-Nov-2014 20:36:27 Setting valves: 13 to 1
21-Nov-2014 20:36:28 Setting valves: 12  18 to 0  0
21-Nov-2014 20:36:28 Setting valves: 24 to 0
21-Nov-2014 20:36:29 Setting valves: 31 to 0
21-Nov-2014 20:36:36 Setting valves: 24 to 1
21-Nov-2014 20:36:37 Setting valves: 20 to 0
21-Nov-2014 20:36:37 Setting valves: 23 to 0
21-Nov-2014 20:36:37 Setting valves: 26 to 0
21-Nov-2014 20:36:37 Setting valves: 19 to 0
21-Nov-2014 20:38:23 Setting valves: 20  22  23  26  19 to 1  1  1  1  1
21-Nov-2014 20:38:23 Setting valves: 12  18 to 1  1
21-Nov-2014 20:38:24 Setting valves: 16 to 0
21-Nov-2014 20:38:25 Setting valves: 13 to 0
21-Nov-2014 20:38:41 Setting valves: 11 to 0
% Making Code # 43 = [0.05  0.00  0.26  0.20]
21-Nov-2014 20:41:47 Setting valves: 11 to 1
21-Nov-2014 20:41:47 Setting valves: 11 to 1
21-Nov-2014 20:41:47 Setting valves: 13 to 1
21-Nov-2014 20:41:48 Setting valves: 12  18 to 0  0
21-Nov-2014 20:41:48 Setting valves: 24 to 0
21-Nov-2014 20:41:49 Setting valves: 31 to 0
21-Nov-2014 20:41:56 Setting valves: 24 to 1
21-Nov-2014 20:41:57 Setting valves: 20 to 0
21-Nov-2014 20:41:57 Setting valves: 22 to 0
21-Nov-2014 20:41:57 Setting valves: 26 to 0
21-Nov-2014 20:41:57 Setting valves: 19 to 0
21-Nov-2014 20:43:43 Setting valves: 20  22  23  26  19 to 1  1  1  1  1
21-Nov-2014 20:43:43 Setting valves: 12  18 to 1  1
21-Nov-2014 20:43:44 Setting valves: 16 to 0
21-Nov-2014 20:43:44 Setting valves: 13 to 0
21-Nov-2014 20:44:01 Setting valves: 11 to 0
% Making Code # 44 = [0.53  0.15  0.00  0.20]
21-Nov-2014 20:47:06 Setting valves: 11 to 1
21-Nov-2014 20:47:07 Setting valves: 11 to 1
21-Nov-2014 20:47:07 Setting valves: 13 to 1
21-Nov-2014 20:47:07 Setting valves: 12  18 to 0  0
21-Nov-2014 20:47:08 Setting valves: 24 to 0
21-Nov-2014 20:47:09 Setting valves: 31 to 0
21-Nov-2014 20:47:16 Setting valves: 24 to 1
21-Nov-2014 20:47:17 Setting valves: 20 to 0
21-Nov-2014 20:47:17 Setting valves: 26 to 0
21-Nov-2014 20:47:17 Setting valves: 19 to 0
21-Nov-2014 20:49:03 Setting valves: 20  22  23  26  19 to 1  1  1  1  1
21-Nov-2014 20:49:03 Setting valves: 12  18 to 1  1
21-Nov-2014 20:49:04 Setting valves: 16 to 0
21-Nov-2014 20:49:04 Setting valves: 13 to 0
21-Nov-2014 20:49:21 Setting valves: 11 to 0
% Making Code # 45 = [0.22  0.00  0.00  0.20]
21-Nov-2014 20:52:26 Setting valves: 11 to 1
21-Nov-2014 20:52:27 Setting valves: 11 to 1
21-Nov-2014 20:52:27 Setting valves: 13 to 1
21-Nov-2014 20:52:27 Setting valves: 12  18 to 0  0
21-Nov-2014 20:52:28 Setting valves: 24 to 0
21-Nov-2014 20:52:29 Setting valves: 31 to 0
21-Nov-2014 20:52:36 Setting valves: 24 to 1
21-Nov-2014 20:52:37 Setting valves: 20 to 0
21-Nov-2014 20:52:37 Setting valves: 22 to 0
21-Nov-2014 20:52:37 Setting valves: 23 to 0
21-Nov-2014 20:52:37 Setting valves: 19 to 0
21-Nov-2014 20:54:23 Setting valves: 20  22  23  26  19 to 1  1  1  1  1
21-Nov-2014 20:54:23 Setting valves: 12  18 to 1  1
21-Nov-2014 20:54:24 Setting valves: 16 to 0
21-Nov-2014 20:54:24 Setting valves: 13 to 0
21-Nov-2014 20:54:41 Setting valves: 11 to 0
% Making Code # 46 = [0.35  0.08  0.50  0.00]
21-Nov-2014 20:57:47 Setting valves: 11 to 1
21-Nov-2014 20:57:47 Setting valves: 11 to 1
21-Nov-2014 20:57:47 Setting valves: 13 to 1
21-Nov-2014 20:57:48 Setting valves: 12  18 to 0  0
21-Nov-2014 20:57:49 Setting valves: 24 to 0
21-Nov-2014 20:57:49 Setting valves: 31 to 0
21-Nov-2014 20:57:56 Setting valves: 24 to 1
21-Nov-2014 20:57:57 Setting valves: 22 to 0
21-Nov-2014 20:57:57 Setting valves: 19 to 0
21-Nov-2014 20:59:43 Setting valves: 20  22  23  26  19 to 1  1  1  1  1
21-Nov-2014 20:59:43 Setting valves: 12  18 to 1  1
21-Nov-2014 20:59:43 Setting valves: 16 to 0
21-Nov-2014 20:59:44 Setting valves: 13 to 0
21-Nov-2014 21:00:01 Setting valves: 11 to 0
% Making Code # 47 = [0.00  0.36  0.00  0.00]
21-Nov-2014 21:03:06 Setting valves: 11 to 1
21-Nov-2014 21:03:07 Setting valves: 11 to 1
21-Nov-2014 21:03:07 Setting valves: 13 to 1
21-Nov-2014 21:03:07 Setting valves: 12  18 to 0  0
21-Nov-2014 21:03:08 Setting valves: 24 to 0
21-Nov-2014 21:03:09 Setting valves: 31 to 0
21-Nov-2014 21:03:16 Setting valves: 24 to 1
21-Nov-2014 21:03:17 Setting valves: 22 to 0
21-Nov-2014 21:03:17 Setting valves: 23 to 0
21-Nov-2014 21:03:17 Setting valves: 26 to 0
21-Nov-2014 21:03:17 Setting valves: 19 to 0
21-Nov-2014 21:05:03 Setting valves: 20  22  23  26  19 to 1  1  1  1  1
21-Nov-2014 21:05:03 Setting valves: 12  18 to 1  1
21-Nov-2014 21:05:04 Setting valves: 16 to 0
21-Nov-2014 21:05:04 Setting valves: 13 to 0
21-Nov-2014 21:05:21 Setting valves: 11 to 0
% Making Code # 48 = [0.00  0.08  0.25  0.20]
21-Nov-2014 21:08:27 Setting valves: 11 to 1
21-Nov-2014 21:08:27 Setting valves: 11 to 1
21-Nov-2014 21:08:27 Setting valves: 13 to 1
21-Nov-2014 21:08:28 Setting valves: 12  18 to 0  0
21-Nov-2014 21:08:28 Setting valves: 24 to 0
21-Nov-2014 21:08:29 Setting valves: 31 to 0
21-Nov-2014 21:08:36 Setting valves: 24 to 1
21-Nov-2014 21:08:37 Setting valves: 22 to 0
21-Nov-2014 21:08:37 Setting valves: 23 to 0
21-Nov-2014 21:08:37 Setting valves: 26 to 0
21-Nov-2014 21:08:37 Setting valves: 19 to 0
21-Nov-2014 21:10:23 Setting valves: 20  22  23  26  19 to 1  1  1  1  1
21-Nov-2014 21:10:23 Setting valves: 12  18 to 1  1
21-Nov-2014 21:10:24 Setting valves: 16 to 0
21-Nov-2014 21:10:24 Setting valves: 13 to 0
21-Nov-2014 21:10:41 Setting valves: 11 to 0
% Making Code # 49 = [0.00  0.03  0.36  0.20]
21-Nov-2014 21:13:47 Setting valves: 11 to 1
21-Nov-2014 21:13:47 Setting valves: 11 to 1
21-Nov-2014 21:13:47 Setting valves: 13 to 1
21-Nov-2014 21:13:48 Setting valves: 12  18 to 0  0
21-Nov-2014 21:13:48 Setting valves: 24 to 0
21-Nov-2014 21:13:49 Setting valves: 31 to 0
21-Nov-2014 21:13:56 Setting valves: 24 to 1
21-Nov-2014 21:13:57 Setting valves: 22 to 0
21-Nov-2014 21:13:57 Setting valves: 23 to 0
21-Nov-2014 21:13:57 Setting valves: 19 to 0
21-Nov-2014 21:15:43 Setting valves: 20  22  23  26  19 to 1  1  1  1  1
21-Nov-2014 21:15:43 Setting valves: 12  18 to 1  1
21-Nov-2014 21:15:44 Setting valves: 16 to 0
21-Nov-2014 21:15:44 Setting valves: 13 to 0
21-Nov-2014 21:16:01 Setting valves: 11 to 0
% Making Code # 50 = [0.00  0.08  0.50  0.00]
21-Nov-2014 21:19:06 Setting valves: 11 to 1
21-Nov-2014 21:19:07 Setting valves: 11 to 1
21-Nov-2014 21:19:07 Setting valves: 13 to 1
21-Nov-2014 21:19:07 Setting valves: 12  18 to 0  0
21-Nov-2014 21:19:08 Setting valves: 24 to 0
21-Nov-2014 21:19:09 Setting valves: 31 to 0
21-Nov-2014 21:19:16 Setting valves: 24 to 1
21-Nov-2014 21:19:17 Setting valves: 20 to 0
21-Nov-2014 21:19:17 Setting valves: 22 to 0
21-Nov-2014 21:19:17 Setting valves: 23 to 0
21-Nov-2014 21:19:17 Setting valves: 19 to 0
21-Nov-2014 21:21:03 Setting valves: 20  22  23  26  19 to 1  1  1  1  1
21-Nov-2014 21:21:03 Setting valves: 12  18 to 1  1
21-Nov-2014 21:21:04 Setting valves: 16 to 0
21-Nov-2014 21:21:04 Setting valves: 13 to 0
21-Nov-2014 21:21:21 Setting valves: 11 to 0
% Making Code # 51 = [0.35  0.03  0.36  0.00]
21-Nov-2014 21:24:26 Setting valves: 11 to 1
21-Nov-2014 21:24:27 Setting valves: 11 to 1
21-Nov-2014 21:24:27 Setting valves: 13 to 1
21-Nov-2014 21:24:27 Setting valves: 12  18 to 0  0
21-Nov-2014 21:24:28 Setting valves: 24 to 0
21-Nov-2014 21:24:29 Setting valves: 31 to 0
21-Nov-2014 21:24:36 Setting valves: 24 to 1
21-Nov-2014 21:24:37 Setting valves: 20 to 0
21-Nov-2014 21:24:37 Setting valves: 22 to 0
21-Nov-2014 21:24:37 Setting valves: 23 to 0
21-Nov-2014 21:24:37 Setting valves: 26 to 0
21-Nov-2014 21:24:37 Setting valves: 19 to 0
21-Nov-2014 21:26:23 Setting valves: 20  22  23  26  19 to 1  1  1  1  1
21-Nov-2014 21:26:23 Setting valves: 12  18 to 1  1
21-Nov-2014 21:26:24 Setting valves: 16 to 0
21-Nov-2014 21:26:24 Setting valves: 13 to 0
21-Nov-2014 21:26:41 Setting valves: 11 to 0
% Making Code # 52 = [0.05  0.03  0.07  0.20]
21-Nov-2014 21:29:46 Setting valves: 11 to 1
21-Nov-2014 21:29:47 Setting valves: 11 to 1
21-Nov-2014 21:29:47 Setting valves: 13 to 1
21-Nov-2014 21:29:47 Setting valves: 12  18 to 0  0
21-Nov-2014 21:29:48 Setting valves: 24 to 0
21-Nov-2014 21:29:49 Setting valves: 31 to 0
21-Nov-2014 21:29:56 Setting valves: 24 to 1
21-Nov-2014 21:29:57 Setting valves: 20 to 0
21-Nov-2014 21:29:57 Setting valves: 22 to 0
21-Nov-2014 21:29:57 Setting valves: 23 to 0
21-Nov-2014 21:29:57 Setting valves: 26 to 0
21-Nov-2014 21:29:57 Setting valves: 19 to 0
21-Nov-2014 21:31:43 Setting valves: 20  22  23  26  19 to 1  1  1  1  1
21-Nov-2014 21:31:43 Setting valves: 12  18 to 1  1
21-Nov-2014 21:31:44 Setting valves: 16 to 0
21-Nov-2014 21:31:45 Setting valves: 13 to 0
21-Nov-2014 21:32:01 Setting valves: 11 to 0
% Making Code # 53 = [0.12  0.24  0.18  0.20]
21-Nov-2014 21:35:06 Setting valves: 11 to 1
21-Nov-2014 21:35:07 Setting valves: 11 to 1
21-Nov-2014 21:35:07 Setting valves: 13 to 1
21-Nov-2014 21:35:07 Setting valves: 12  18 to 0  0
21-Nov-2014 21:35:08 Setting valves: 24 to 0
21-Nov-2014 21:35:09 Setting valves: 31 to 0
21-Nov-2014 21:35:16 Setting valves: 24 to 1
21-Nov-2014 21:35:17 Setting valves: 20 to 0
21-Nov-2014 21:35:17 Setting valves: 22 to 0
21-Nov-2014 21:35:17 Setting valves: 19 to 0
21-Nov-2014 21:37:03 Setting valves: 20  22  23  26  19 to 1  1  1  1  1
21-Nov-2014 21:37:03 Setting valves: 12  18 to 1  1
21-Nov-2014 21:37:04 Setting valves: 16 to 0
21-Nov-2014 21:37:04 Setting valves: 13 to 0
21-Nov-2014 21:37:21 Setting valves: 11 to 0
% Making Code # 54 = [0.35  0.03  0.00  0.00]
21-Nov-2014 21:40:26 Setting valves: 11 to 1
21-Nov-2014 21:40:27 Setting valves: 11 to 1
21-Nov-2014 21:40:27 Setting valves: 13 to 1
21-Nov-2014 21:40:27 Setting valves: 12  18 to 0  0
21-Nov-2014 21:40:28 Setting valves: 24 to 0
21-Nov-2014 21:40:29 Setting valves: 31 to 0
21-Nov-2014 21:40:36 Setting valves: 24 to 1
21-Nov-2014 21:40:37 Setting valves: 22 to 0
21-Nov-2014 21:40:37 Setting valves: 23 to 0
21-Nov-2014 21:40:37 Setting valves: 26 to 0
21-Nov-2014 21:40:37 Setting valves: 19 to 0
21-Nov-2014 21:42:23 Setting valves: 20  22  23  26  19 to 1  1  1  1  1
21-Nov-2014 21:42:23 Setting valves: 12  18 to 1  1
21-Nov-2014 21:42:24 Setting valves: 16 to 0
21-Nov-2014 21:42:25 Setting valves: 13 to 0
21-Nov-2014 21:42:41 Setting valves: 11 to 0
% Making Code # 55 = [0.00  0.24  0.18  0.20]
21-Nov-2014 21:45:46 Setting valves: 11 to 1
21-Nov-2014 21:45:47 Setting valves: 11 to 1
21-Nov-2014 21:45:47 Setting valves: 13 to 1
21-Nov-2014 21:45:48 Setting valves: 12  18 to 0  0
21-Nov-2014 21:45:48 Setting valves: 24 to 0
21-Nov-2014 21:45:49 Setting valves: 31 to 0
21-Nov-2014 21:45:56 Setting valves: 24 to 1
21-Nov-2014 21:45:57 Setting valves: 20 to 0
21-Nov-2014 21:45:57 Setting valves: 22 to 0
21-Nov-2014 21:45:57 Setting valves: 26 to 0
21-Nov-2014 21:45:57 Setting valves: 19 to 0
21-Nov-2014 21:47:43 Setting valves: 20  22  23  26  19 to 1  1  1  1  1
21-Nov-2014 21:47:43 Setting valves: 12  18 to 1  1
21-Nov-2014 21:47:44 Setting valves: 16 to 0
21-Nov-2014 21:47:44 Setting valves: 13 to 0
21-Nov-2014 21:48:01 Setting valves: 11 to 0
% Making Code # 56 = [0.05  0.15  0.00  0.79]
21-Nov-2014 21:51:06 Setting valves: 11 to 1
21-Nov-2014 21:51:07 Setting valves: 11 to 1
21-Nov-2014 21:51:07 Setting valves: 13 to 1
21-Nov-2014 21:51:07 Setting valves: 12  18 to 0  0
21-Nov-2014 21:51:08 Setting valves: 24 to 0
21-Nov-2014 21:51:09 Setting valves: 31 to 0
21-Nov-2014 21:51:16 Setting valves: 24 to 1
21-Nov-2014 21:51:17 Setting valves: 20 to 0
21-Nov-2014 21:51:17 Setting valves: 22 to 0
21-Nov-2014 21:51:17 Setting valves: 19 to 0
21-Nov-2014 21:53:03 Setting valves: 20  22  23  26  19 to 1  1  1  1  1
21-Nov-2014 21:53:03 Setting valves: 12  18 to 1  1
21-Nov-2014 21:53:04 Setting valves: 16 to 0
21-Nov-2014 21:53:04 Setting valves: 13 to 0
21-Nov-2014 21:53:21 Setting valves: 11 to 0
% Making Code # 57 = [0.22  0.15  0.00  0.00]
21-Nov-2014 21:56:27 Setting valves: 11 to 1
21-Nov-2014 21:56:27 Setting valves: 11 to 1
21-Nov-2014 21:56:27 Setting valves: 13 to 1
21-Nov-2014 21:56:28 Setting valves: 12  18 to 0  0
21-Nov-2014 21:56:29 Setting valves: 24 to 0
21-Nov-2014 21:56:29 Setting valves: 31 to 0
21-Nov-2014 21:56:36 Setting valves: 24 to 1
21-Nov-2014 21:56:37 Setting valves: 20 to 0
21-Nov-2014 21:56:37 Setting valves: 23 to 0
21-Nov-2014 21:56:37 Setting valves: 19 to 0
21-Nov-2014 21:58:23 Setting valves: 20  22  23  26  19 to 1  1  1  1  1
21-Nov-2014 21:58:23 Setting valves: 12  18 to 1  1
21-Nov-2014 21:58:24 Setting valves: 16 to 0
21-Nov-2014 21:58:24 Setting valves: 13 to 0
21-Nov-2014 21:58:41 Setting valves: 11 to 0
% Making Code # 58 = [0.12  0.00  0.86  0.00]
21-Nov-2014 22:01:46 Setting valves: 11 to 1
21-Nov-2014 22:01:47 Setting valves: 11 to 1
21-Nov-2014 22:01:47 Setting valves: 13 to 1
21-Nov-2014 22:01:47 Setting valves: 12  18 to 0  0
21-Nov-2014 22:01:48 Setting valves: 24 to 0
21-Nov-2014 22:01:49 Setting valves: 31 to 0
21-Nov-2014 22:01:56 Setting valves: 24 to 1
21-Nov-2014 22:01:57 Setting valves: 20 to 0
21-Nov-2014 22:01:57 Setting valves: 22 to 0
21-Nov-2014 22:01:57 Setting valves: 23 to 0
21-Nov-2014 22:01:57 Setting valves: 26 to 0
21-Nov-2014 22:01:57 Setting valves: 19 to 0
21-Nov-2014 22:03:43 Setting valves: 20  22  23  26  19 to 1  1  1  1  1
21-Nov-2014 22:03:43 Setting valves: 12  18 to 1  1
21-Nov-2014 22:03:44 Setting valves: 16 to 0
21-Nov-2014 22:03:45 Setting valves: 13 to 0
21-Nov-2014 22:04:01 Setting valves: 11 to 0
% Making Code # 59 = [0.12  0.15  0.13  0.20]
21-Nov-2014 22:07:07 Setting valves: 11 to 1
21-Nov-2014 22:07:07 Setting valves: 11 to 1
21-Nov-2014 22:07:07 Setting valves: 13 to 1
21-Nov-2014 22:07:08 Setting valves: 12  18 to 0  0
21-Nov-2014 22:07:09 Setting valves: 24 to 0
21-Nov-2014 22:07:09 Setting valves: 31 to 0
21-Nov-2014 22:07:16 Setting valves: 24 to 1
21-Nov-2014 22:07:17 Setting valves: 22 to 0
21-Nov-2014 22:07:17 Setting valves: 23 to 0
21-Nov-2014 22:07:17 Setting valves: 19 to 0
21-Nov-2014 22:09:03 Setting valves: 20  22  23  26  19 to 1  1  1  1  1
21-Nov-2014 22:09:03 Setting valves: 12  18 to 1  1
21-Nov-2014 22:09:04 Setting valves: 16 to 0
21-Nov-2014 22:09:04 Setting valves: 13 to 0
21-Nov-2014 22:09:21 Setting valves: 11 to 0
% Making Code # 60 = [0.00  0.24  0.47  0.00]
21-Nov-2014 22:12:27 Setting valves: 11 to 1
21-Nov-2014 22:12:27 Setting valves: 11 to 1
21-Nov-2014 22:12:27 Setting valves: 13 to 1
21-Nov-2014 22:12:28 Setting valves: 12  18 to 0  0
21-Nov-2014 22:12:29 Setting valves: 24 to 0
21-Nov-2014 22:12:29 Setting valves: 31 to 0
21-Nov-2014 22:12:36 Setting valves: 24 to 1
21-Nov-2014 22:12:37 Setting valves: 20 to 0
21-Nov-2014 22:12:37 Setting valves: 22 to 0
21-Nov-2014 22:12:37 Setting valves: 19 to 0
21-Nov-2014 22:14:23 Setting valves: 20  22  23  26  19 to 1  1  1  1  1
21-Nov-2014 22:14:23 Setting valves: 12  18 to 1  1
21-Nov-2014 22:14:23 Setting valves: 16 to 0
21-Nov-2014 22:14:24 Setting valves: 13 to 0
21-Nov-2014 22:14:41 Setting valves: 11 to 0
% Making Code # 61 = [0.22  0.03  0.00  0.00]
21-Nov-2014 22:17:46 Setting valves: 11 to 1
21-Nov-2014 22:17:47 Setting valves: 11 to 1
21-Nov-2014 22:17:47 Setting valves: 13 to 1
21-Nov-2014 22:17:47 Setting valves: 12  18 to 0  0
21-Nov-2014 22:17:48 Setting valves: 24 to 0
21-Nov-2014 22:17:49 Setting valves: 31 to 0
21-Nov-2014 22:17:56 Setting valves: 24 to 1
21-Nov-2014 22:17:57 Setting valves: 20 to 0
21-Nov-2014 22:17:57 Setting valves: 22 to 0
21-Nov-2014 22:17:57 Setting valves: 23 to 0
21-Nov-2014 22:17:57 Setting valves: 19 to 0
21-Nov-2014 22:19:43 Setting valves: 20  22  23  26  19 to 1  1  1  1  1
21-Nov-2014 22:19:43 Setting valves: 12  18 to 1  1
21-Nov-2014 22:19:44 Setting valves: 16 to 0
21-Nov-2014 22:19:44 Setting valves: 13 to 0
21-Nov-2014 22:20:01 Setting valves: 11 to 0
% Making Code # 62 = [0.22  0.03  0.18  0.00]
21-Nov-2014 22:23:06 Setting valves: 11 to 1
21-Nov-2014 22:23:07 Setting valves: 11 to 1
21-Nov-2014 22:23:07 Setting valves: 13 to 1
21-Nov-2014 22:23:07 Setting valves: 12  18 to 0  0
21-Nov-2014 22:23:08 Setting valves: 24 to 0
21-Nov-2014 22:23:09 Setting valves: 31 to 0
21-Nov-2014 22:23:16 Setting valves: 24 to 1
21-Nov-2014 22:23:17 Setting valves: 20 to 0
21-Nov-2014 22:23:17 Setting valves: 22 to 0
21-Nov-2014 22:23:17 Setting valves: 19 to 0
21-Nov-2014 22:25:03 Setting valves: 20  22  23  26  19 to 1  1  1  1  1
21-Nov-2014 22:25:03 Setting valves: 12  18 to 1  1
21-Nov-2014 22:25:04 Setting valves: 16 to 0
21-Nov-2014 22:25:05 Setting valves: 13 to 0
21-Nov-2014 22:25:21 Setting valves: 11 to 0
% Making Code # 63 = [0.05  0.24  0.00  0.00]
21-Nov-2014 22:28:26 Setting valves: 11 to 1
21-Nov-2014 22:28:27 Setting valves: 11 to 1
21-Nov-2014 22:28:27 Setting valves: 13 to 1
21-Nov-2014 22:28:27 Setting valves: 12  18 to 0  0
21-Nov-2014 22:28:28 Setting valves: 24 to 0
21-Nov-2014 22:28:29 Setting valves: 31 to 0
21-Nov-2014 22:28:36 Setting valves: 24 to 1
21-Nov-2014 22:28:37 Setting valves: 20 to 0
21-Nov-2014 22:28:37 Setting valves: 23 to 0
21-Nov-2014 22:28:37 Setting valves: 26 to 0
21-Nov-2014 22:28:37 Setting valves: 19 to 0
21-Nov-2014 22:30:23 Setting valves: 20  22  23  26  19 to 1  1  1  1  1
21-Nov-2014 22:30:23 Setting valves: 12  18 to 1  1
21-Nov-2014 22:30:24 Setting valves: 16 to 0
21-Nov-2014 22:30:25 Setting valves: 13 to 0
21-Nov-2014 22:30:41 Setting valves: 11 to 0
% Making Code # 64 = [0.12  0.00  0.49  0.20]
21-Nov-2014 22:33:46 Setting valves: 11 to 1
21-Nov-2014 22:33:47 Setting valves: 11 to 1
21-Nov-2014 22:33:47 Setting valves: 13 to 1
21-Nov-2014 22:33:47 Setting valves: 12  18 to 0  0
21-Nov-2014 22:33:48 Setting valves: 24 to 0
21-Nov-2014 22:33:49 Setting valves: 31 to 0
21-Nov-2014 22:33:56 Setting valves: 24 to 1
21-Nov-2014 22:33:57 Setting valves: 22 to 0
21-Nov-2014 22:33:57 Setting valves: 23 to 0
21-Nov-2014 22:33:57 Setting valves: 26 to 0
21-Nov-2014 22:33:57 Setting valves: 19 to 0
21-Nov-2014 22:35:43 Setting valves: 20  22  23  26  19 to 1  1  1  1  1
21-Nov-2014 22:35:43 Setting valves: 12  18 to 1  1
21-Nov-2014 22:35:44 Setting valves: 16 to 0
21-Nov-2014 22:35:44 Setting valves: 13 to 0
21-Nov-2014 22:36:01 Setting valves: 11 to 0
% Making Code # 65 = [0.00  0.03  0.67  0.20]
21-Nov-2014 22:39:07 Setting valves: 11 to 1
21-Nov-2014 22:39:07 Setting valves: 11 to 1
21-Nov-2014 22:39:07 Setting valves: 13 to 1
21-Nov-2014 22:39:08 Setting valves: 12  18 to 0  0
21-Nov-2014 22:39:09 Setting valves: 24 to 0
21-Nov-2014 22:39:09 Setting valves: 31 to 0
21-Nov-2014 22:39:16 Setting valves: 24 to 1
21-Nov-2014 22:39:17 Setting valves: 20 to 0
21-Nov-2014 22:39:17 Setting valves: 22 to 0
21-Nov-2014 22:39:17 Setting valves: 26 to 0
21-Nov-2014 22:39:17 Setting valves: 19 to 0
21-Nov-2014 22:41:03 Setting valves: 20  22  23  26  19 to 1  1  1  1  1
21-Nov-2014 22:41:03 Setting valves: 12  18 to 1  1
21-Nov-2014 22:41:04 Setting valves: 16 to 0
21-Nov-2014 22:41:05 Setting valves: 13 to 0
21-Nov-2014 22:41:21 Setting valves: 11 to 0
% Making Code # 66 = [0.35  0.15  0.00  0.20]
21-Nov-2014 22:44:26 Setting valves: 11 to 1
21-Nov-2014 22:44:27 Setting valves: 11 to 1
21-Nov-2014 22:44:27 Setting valves: 13 to 1
21-Nov-2014 22:44:27 Setting valves: 12  18 to 0  0
21-Nov-2014 22:44:28 Setting valves: 24 to 0
21-Nov-2014 22:44:29 Setting valves: 31 to 0
21-Nov-2014 22:44:36 Setting valves: 24 to 1
21-Nov-2014 22:44:37 Setting valves: 20 to 0
21-Nov-2014 22:44:37 Setting valves: 22 to 0
21-Nov-2014 22:44:37 Setting valves: 19 to 0
21-Nov-2014 22:46:23 Setting valves: 20  22  23  26  19 to 1  1  1  1  1
21-Nov-2014 22:46:23 Setting valves: 12  18 to 1  1
21-Nov-2014 22:46:24 Setting valves: 16 to 0
21-Nov-2014 22:46:24 Setting valves: 13 to 0
21-Nov-2014 22:46:41 Setting valves: 11 to 0
% Making Code # 67 = [0.35  0.08  0.00  0.00]
21-Nov-2014 22:49:46 Setting valves: 11 to 1
21-Nov-2014 22:49:47 Setting valves: 11 to 1
21-Nov-2014 22:49:47 Setting valves: 13 to 1
21-Nov-2014 22:49:47 Setting valves: 12  18 to 0  0
21-Nov-2014 22:49:48 Setting valves: 24 to 0
21-Nov-2014 22:49:49 Setting valves: 31 to 0
21-Nov-2014 22:49:56 Setting valves: 24 to 1
21-Nov-2014 22:49:57 Setting valves: 20 to 0
21-Nov-2014 22:49:57 Setting valves: 23 to 0
21-Nov-2014 22:49:57 Setting valves: 26 to 0
21-Nov-2014 22:49:57 Setting valves: 19 to 0
21-Nov-2014 22:51:43 Setting valves: 20  22  23  26  19 to 1  1  1  1  1
21-Nov-2014 22:51:43 Setting valves: 12  18 to 1  1
21-Nov-2014 22:51:44 Setting valves: 16 to 0
21-Nov-2014 22:51:45 Setting valves: 13 to 0
21-Nov-2014 22:52:01 Setting valves: 11 to 0
% Making Code # 68 = [0.53  0.00  0.05  0.20]
21-Nov-2014 22:55:06 Setting valves: 11 to 1
21-Nov-2014 22:55:07 Setting valves: 11 to 1
21-Nov-2014 22:55:07 Setting valves: 13 to 1
21-Nov-2014 22:55:07 Setting valves: 12  18 to 0  0
21-Nov-2014 22:55:08 Setting valves: 24 to 0
21-Nov-2014 22:55:09 Setting valves: 31 to 0
21-Nov-2014 22:55:16 Setting valves: 24 to 1
21-Nov-2014 22:55:17 Setting valves: 20 to 0
21-Nov-2014 22:55:17 Setting valves: 22 to 0
21-Nov-2014 22:55:17 Setting valves: 23 to 0
21-Nov-2014 22:55:17 Setting valves: 19 to 0
21-Nov-2014 22:57:03 Setting valves: 20  22  23  26  19 to 1  1  1  1  1
21-Nov-2014 22:57:03 Setting valves: 12  18 to 1  1
21-Nov-2014 22:57:04 Setting valves: 16 to 0
21-Nov-2014 22:57:05 Setting valves: 13 to 0
21-Nov-2014 22:57:21 Setting valves: 11 to 0
% Making Code # 69 = [0.35  0.08  0.25  0.00]
21-Nov-2014 23:00:26 Setting valves: 11 to 1
21-Nov-2014 23:00:27 Setting valves: 11 to 1
21-Nov-2014 23:00:27 Setting valves: 13 to 1
21-Nov-2014 23:00:27 Setting valves: 12  18 to 0  0
21-Nov-2014 23:00:28 Setting valves: 24 to 0
21-Nov-2014 23:00:29 Setting valves: 31 to 0
21-Nov-2014 23:00:36 Setting valves: 24 to 1
21-Nov-2014 23:00:37 Setting valves: 23 to 0
21-Nov-2014 23:00:37 Setting valves: 26 to 0
21-Nov-2014 23:00:37 Setting valves: 19 to 0
21-Nov-2014 23:02:23 Setting valves: 20  22  23  26  19 to 1  1  1  1  1
21-Nov-2014 23:02:23 Setting valves: 12  18 to 1  1
21-Nov-2014 23:02:23 Setting valves: 16 to 0
21-Nov-2014 23:02:24 Setting valves: 13 to 0
21-Nov-2014 23:02:41 Setting valves: 11 to 0
% Making Code # 70 = [0.00  0.00  0.26  0.20]
21-Nov-2014 23:05:46 Setting valves: 11 to 1
21-Nov-2014 23:05:47 Setting valves: 11 to 1
21-Nov-2014 23:05:47 Setting valves: 13 to 1
21-Nov-2014 23:05:47 Setting valves: 12  18 to 0  0
21-Nov-2014 23:05:48 Setting valves: 24 to 0
21-Nov-2014 23:05:49 Setting valves: 31 to 0
21-Nov-2014 23:05:56 Setting valves: 24 to 1
21-Nov-2014 23:05:57 Setting valves: 20 to 0
21-Nov-2014 23:05:57 Setting valves: 22 to 0
21-Nov-2014 23:05:57 Setting valves: 26 to 0
21-Nov-2014 23:05:57 Setting valves: 19 to 0
21-Nov-2014 23:07:43 Setting valves: 20  22  23  26  19 to 1  1  1  1  1
21-Nov-2014 23:07:43 Setting valves: 12  18 to 1  1
21-Nov-2014 23:07:44 Setting valves: 16 to 0
21-Nov-2014 23:07:45 Setting valves: 13 to 0
21-Nov-2014 23:08:01 Setting valves: 11 to 0
% Making Code # 71 = [0.05  0.53  0.00  0.20]
21-Nov-2014 23:11:07 Setting valves: 11 to 1
21-Nov-2014 23:11:07 Setting valves: 11 to 1
21-Nov-2014 23:11:07 Setting valves: 13 to 1
21-Nov-2014 23:11:08 Setting valves: 12  18 to 0  0
21-Nov-2014 23:11:09 Setting valves: 24 to 0
21-Nov-2014 23:11:09 Setting valves: 31 to 0
21-Nov-2014 23:11:16 Setting valves: 24 to 1
21-Nov-2014 23:11:17 Setting valves: 20 to 0
21-Nov-2014 23:11:17 Setting valves: 22 to 0
21-Nov-2014 23:11:17 Setting valves: 26 to 0
21-Nov-2014 23:11:17 Setting valves: 19 to 0
21-Nov-2014 23:13:03 Setting valves: 20  22  23  26  19 to 1  1  1  1  1
21-Nov-2014 23:13:03 Setting valves: 12  18 to 1  1
21-Nov-2014 23:13:04 Setting valves: 16 to 0
21-Nov-2014 23:13:04 Setting valves: 13 to 0
21-Nov-2014 23:13:21 Setting valves: 11 to 0
% Making Code # 72 = [0.22  0.08  0.00  0.20]
21-Nov-2014 23:16:26 Setting valves: 11 to 1
21-Nov-2014 23:16:27 Setting valves: 11 to 1
21-Nov-2014 23:16:27 Setting valves: 13 to 1
21-Nov-2014 23:16:27 Setting valves: 12  18 to 0  0
21-Nov-2014 23:16:28 Setting valves: 24 to 0
21-Nov-2014 23:16:29 Setting valves: 31 to 0
21-Nov-2014 23:16:36 Setting valves: 24 to 1
21-Nov-2014 23:16:37 Setting valves: 20 to 0
21-Nov-2014 23:16:37 Setting valves: 22 to 0
21-Nov-2014 23:16:37 Setting valves: 19 to 0
21-Nov-2014 23:18:23 Setting valves: 20  22  23  26  19 to 1  1  1  1  1
21-Nov-2014 23:18:23 Setting valves: 12  18 to 1  1
21-Nov-2014 23:18:24 Setting valves: 16 to 0
21-Nov-2014 23:18:25 Setting valves: 13 to 0
21-Nov-2014 23:18:41 Setting valves: 11 to 0
% Making Code # 73 = [0.12  0.24  0.00  0.00]
21-Nov-2014 23:21:46 Setting valves: 11 to 1
21-Nov-2014 23:21:47 Setting valves: 11 to 1
21-Nov-2014 23:21:47 Setting valves: 13 to 1
21-Nov-2014 23:21:47 Setting valves: 12  18 to 0  0
21-Nov-2014 23:21:48 Setting valves: 24 to 0
21-Nov-2014 23:21:49 Setting valves: 31 to 0
21-Nov-2014 23:21:56 Setting valves: 24 to 1
21-Nov-2014 23:21:57 Setting valves: 20 to 0
21-Nov-2014 23:21:57 Setting valves: 22 to 0
21-Nov-2014 23:21:57 Setting valves: 23 to 0
21-Nov-2014 23:21:57 Setting valves: 19 to 0
21-Nov-2014 23:23:43 Setting valves: 20  22  23  26  19 to 1  1  1  1  1
21-Nov-2014 23:23:43 Setting valves: 12  18 to 1  1
21-Nov-2014 23:23:44 Setting valves: 16 to 0
21-Nov-2014 23:23:44 Setting valves: 13 to 0
21-Nov-2014 23:24:01 Setting valves: 11 to 0
% Making Code # 74 = [0.12  0.36  0.24  0.00]
21-Nov-2014 23:27:06 Setting valves: 11 to 1
21-Nov-2014 23:27:07 Setting valves: 11 to 1
21-Nov-2014 23:27:07 Setting valves: 13 to 1
21-Nov-2014 23:27:07 Setting valves: 12  18 to 0  0
21-Nov-2014 23:27:08 Setting valves: 24 to 0
21-Nov-2014 23:27:09 Setting valves: 31 to 0
21-Nov-2014 23:27:16 Setting valves: 24 to 1
21-Nov-2014 23:27:17 Setting valves: 20 to 0
21-Nov-2014 23:27:17 Setting valves: 22 to 0
21-Nov-2014 23:27:17 Setting valves: 19 to 0
21-Nov-2014 23:29:03 Setting valves: 20  22  23  26  19 to 1  1  1  1  1
21-Nov-2014 23:29:03 Setting valves: 12  18 to 1  1
21-Nov-2014 23:29:04 Setting valves: 16 to 0
21-Nov-2014 23:29:05 Setting valves: 13 to 0
21-Nov-2014 23:29:21 Setting valves: 11 to 0
% Making Code # 75 = [0.35  0.36  0.00  0.00]
21-Nov-2014 23:32:26 Setting valves: 11 to 1
21-Nov-2014 23:32:27 Setting valves: 11 to 1
21-Nov-2014 23:32:27 Setting valves: 13 to 1
21-Nov-2014 23:32:27 Setting valves: 12  18 to 0  0
21-Nov-2014 23:32:28 Setting valves: 24 to 0
21-Nov-2014 23:32:29 Setting valves: 31 to 0
21-Nov-2014 23:32:36 Setting valves: 24 to 1
21-Nov-2014 23:32:37 Setting valves: 20 to 0
21-Nov-2014 23:32:37 Setting valves: 22 to 0
21-Nov-2014 23:32:37 Setting valves: 23 to 0
21-Nov-2014 23:32:37 Setting valves: 19 to 0
21-Nov-2014 23:34:23 Setting valves: 20  22  23  26  19 to 1  1  1  1  1
21-Nov-2014 23:34:23 Setting valves: 12  18 to 1  1
21-Nov-2014 23:34:24 Setting valves: 16 to 0
21-Nov-2014 23:34:25 Setting valves: 13 to 0
21-Nov-2014 23:34:41 Setting valves: 11 to 0
% Making Code # 76 = [0.22  0.03  0.67  0.00]
21-Nov-2014 23:37:47 Setting valves: 11 to 1
21-Nov-2014 23:37:47 Setting valves: 11 to 1
21-Nov-2014 23:37:47 Setting valves: 13 to 1
21-Nov-2014 23:37:48 Setting valves: 12  18 to 0  0
21-Nov-2014 23:37:48 Setting valves: 24 to 0
21-Nov-2014 23:37:49 Setting valves: 31 to 0
21-Nov-2014 23:37:56 Setting valves: 24 to 1
21-Nov-2014 23:37:57 Setting valves: 23 to 0
21-Nov-2014 23:37:57 Setting valves: 26 to 0
21-Nov-2014 23:37:57 Setting valves: 19 to 0
21-Nov-2014 23:39:43 Setting valves: 20  22  23  26  19 to 1  1  1  1  1
21-Nov-2014 23:39:43 Setting valves: 12  18 to 1  1
21-Nov-2014 23:39:44 Setting valves: 16 to 0
21-Nov-2014 23:39:44 Setting valves: 13 to 0
21-Nov-2014 23:40:01 Setting valves: 11 to 0
% Making Code # 77 = [0.00  0.00  0.49  0.20]
21-Nov-2014 23:42:50 Setting valves: 11 to 1
21-Nov-2014 23:42:51 Setting valves: 11 to 1
21-Nov-2014 23:42:51 Setting valves: 13 to 1
21-Nov-2014 23:42:51 Setting valves: 8 to 1
21-Nov-2014 23:42:51 Setting valves: 9 to 1
21-Nov-2014 23:42:51 Setting valves: 10 to 1
21-Nov-2014 23:42:51 Setting valves: 11 to 1
21-Nov-2014 23:42:51 Setting valves: 12 to 1
21-Nov-2014 23:42:51 Setting valves: 13 to 1
21-Nov-2014 23:42:51 Setting valves: 15 to 1
21-Nov-2014 23:42:51 Setting valves: 16 to 1
21-Nov-2014 23:42:52 Setting valves: 17 to 1
21-Nov-2014 23:42:52 Setting valves: 18 to 1
21-Nov-2014 23:42:52 Setting valves: 19 to 1
21-Nov-2014 23:42:52 Setting valves: 20 to 1
21-Nov-2014 23:42:52 Setting valves: 22 to 1
21-Nov-2014 23:42:52 Setting valves: 23 to 1
21-Nov-2014 23:42:52 Setting valves: 24 to 1
21-Nov-2014 23:42:52 Setting valves: 25 to 1
21-Nov-2014 23:42:52 Setting valves: 26 to 1
21-Nov-2014 23:42:52 Setting valves: 27 to 1
21-Nov-2014 23:42:52 Setting valves: 28 to 1
21-Nov-2014 23:42:52 Setting valves: 29 to 1
21-Nov-2014 23:42:52 Setting valves: 30 to 1
21-Nov-2014 23:42:52 Setting valves: 31 to 1
21-Nov-2014 23:42:52 Setting valves: 32 to 1
21-Nov-2014 23:42:52 Setting valves: 33 to 1
21-Nov-2014 23:42:52 Setting valves: 34 to 1
% STOPPED!
